   0.00000000E+00  -0.42380891E-05  -0.12922406E-05   0.21113818E-08   0.23264208E-07
   0.64697633E+00  -0.50726371E-05  -0.12859499E-05   0.17417106E-07   0.24025555E-07
   0.12939527E+01  -0.58998793E-05  -0.12696081E-05   0.33165942E-07   0.24632192E-07
   0.19409290E+01  -0.67132271E-05  -0.12429615E-05   0.49254371E-07   0.25073666E-07
   0.25879053E+01  -0.75059500E-05  -0.12058257E-05   0.65572386E-07   0.25340391E-07
   0.32348816E+01  -0.82712218E-05  -0.11580894E-05   0.82004087E-07   0.25423756E-07
   0.38818580E+01  -0.90021687E-05  -0.10997179E-05   0.98428345E-07   0.25316224E-07
   0.45288343E+01  -0.96919203E-05  -0.10307564E-05   0.11471953E-06   0.25011429E-07
   0.51758106E+01  -0.10333662E-04  -0.95133281E-06   0.13074830E-06   0.24504276E-07
   0.58227870E+01  -0.10920688E-04  -0.86165946E-06   0.14638243E-06   0.23791017E-07
   0.64697633E+01  -0.11446461E-04  -0.76203493E-06   0.16148778E-06   0.22869341E-07
   0.71167396E+01  -0.11904662E-04  -0.65284502E-06   0.17592916E-06   0.21738436E-07
   0.77637160E+01  -0.12289252E-04  -0.53456313E-06   0.18957135E-06   0.20399061E-07
   0.84106923E+01  -0.12594522E-04  -0.40774994E-06   0.20228013E-06   0.18853591E-07
   0.90576686E+01  -0.12815159E-04  -0.27305215E-06   0.21392340E-06   0.17106066E-07
   0.97046449E+01  -0.12946295E-04  -0.13120092E-06   0.22437220E-06   0.15162217E-07
   0.10351621E+02  -0.12983559E-04   0.16990346E-07   0.23350184E-06   0.13029490E-07
   0.10998598E+02  -0.12923135E-04   0.17062905E-06   0.24119298E-06   0.10717058E-07
   0.11645574E+02  -0.12761806E-04   0.32874762E-06   0.24733276E-06   0.82358059E-08
   0.12292550E+02  -0.12497008E-04   0.49030816E-06   0.25181598E-06   0.55983127E-08
   0.12939527E+02  -0.12126865E-04   0.65420749E-06   0.25454607E-06   0.28188229E-08
   0.13586503E+02  -0.11650239E-04   0.81928274E-06   0.25543622E-06  -0.86794290E-10
   0.14233479E+02  -0.11066760E-04   0.98431785E-06   0.25441038E-06  -0.31011029E-08
   0.14880456E+02  -0.10376860E-04   0.11480511E-05   0.25140422E-06  -0.62051779E-08
   0.15527432E+02  -0.95817981E-05   0.13091838E-05   0.24636616E-06  -0.93787086E-08
   0.16174408E+02  -0.86836851E-05   0.14663899E-05   0.23925824E-06  -0.12600109E-07
   0.16821385E+02  -0.76854965E-05   0.16183210E-05   0.23005679E-06  -0.15846585E-07
   0.17468361E+02  -0.65910850E-05   0.17636190E-05   0.21875324E-06  -0.19094301E-07
   0.18115337E+02  -0.54051816E-05   0.19009253E-05   0.20535474E-06  -0.22318517E-07
   0.18762314E+02  -0.41333929E-05   0.20288913E-05   0.18988470E-06  -0.25493744E-07
   0.19409290E+02  -0.27821922E-05   0.21461890E-05   0.17238322E-06  -0.28593907E-07
   0.20056266E+02  -0.13589036E-05   0.22515215E-05   0.15290741E-06  -0.31592518E-07
   0.20703243E+02   0.12832082E-06   0.23436344E-05   0.13153164E-06  -0.34462864E-07
   0.21350219E+02   0.16705362E-05   0.24213269E-05   0.10834754E-06  -0.37178209E-07
   0.21997195E+02   0.32580459E-05   0.24834641E-05   0.83463974E-07  -0.39712006E-07
   0.22644172E+02   0.48804371E-05   0.25289859E-05   0.57006892E-07  -0.42038081E-07
   0.23291148E+02   0.65266399E-05   0.25569196E-05   0.29119009E-07  -0.44130862E-07
   0.23938124E+02   0.81849867E-05   0.25663901E-05  -0.40684858E-10  -0.45965598E-07
   0.24585101E+02   0.98432790E-05   0.25566302E-05  -0.30297523E-07  -0.47518574E-07
   0.25232077E+02   0.11488859E-04   0.25269907E-05  -0.61461878E-07  -0.48767335E-07
   0.25879053E+02   0.13108686E-04   0.24769496E-05  -0.93330031E-07  -0.49690898E-07
   0.26526029E+02   0.14689430E-04   0.24061210E-05  -0.12568523E-06  -0.50269975E-07
   0.27173006E+02   0.16217555E-04   0.23142631E-05  -0.15829892E-06  -0.50487184E-07
   0.27819982E+02   0.17679420E-04   0.22012854E-05  -0.19093190E-06  -0.50327248E-07
   0.28466958E+02   0.19061373E-04   0.20672556E-05  -0.22333584E-06  -0.49777193E-07
   0.29113935E+02   0.20349859E-04   0.19124040E-05  -0.25525481E-06  -0.48826534E-07
   0.29760911E+02   0.21531527E-04   0.17371290E-05  -0.28642696E-06  -0.47467450E-07
   0.30407887E+02   0.22593340E-04   0.15419994E-05  -0.31658629E-06  -0.45694943E-07
   0.31054864E+02   0.23522680E-04   0.13277575E-05  -0.34546447E-06  -0.43506980E-07
   0.31701840E+02   0.24307469E-04   0.10953190E-05  -0.37279286E-06  -0.40904625E-07
   0.32348816E+02   0.24936279E-04   0.84577306E-06  -0.39830462E-06  -0.37892144E-07
   0.32995793E+02   0.25398441E-04   0.58038027E-06  -0.42173666E-06  -0.34477091E-07
   0.33642769E+02   0.25684154E-04   0.30056986E-06  -0.44283185E-06  -0.30670380E-07
   0.34289745E+02   0.25784597E-04   0.79347600E-08  -0.46134126E-06  -0.26486326E-07
   0.34936722E+02   0.25692031E-04  -0.29577452E-06  -0.47702630E-06  -0.21942656E-07
   0.35583698E+02   0.25399899E-04  -0.60865700E-06  -0.48966101E-06  -0.17060511E-07
   0.36230674E+02   0.24902919E-04  -0.92866981E-06  -0.49903411E-06  -0.11864415E-07
   0.36877651E+02   0.24197175E-04  -0.12536384E-05  -0.50495131E-06  -0.63822176E-08
   0.37524627E+02   0.23280196E-04  -0.15812692E-05  -0.50723736E-06  -0.64498984E-09
   0.38171603E+02   0.22151030E-04  -0.19091627E-05  -0.50573822E-06   0.53130893E-08
   0.38818580E+02   0.20810310E-04  -0.22348258E-05  -0.50032284E-06   0.11454855E-07
   0.39465556E+02   0.19260307E-04  -0.25556890E-05  -0.49088517E-06   0.17740343E-07
   0.40112532E+02   0.17504973E-04  -0.28691229E-05  -0.47734585E-06   0.24126992E-07
   0.40759509E+02   0.15549976E-04  -0.31724560E-05  -0.45965383E-06   0.30569873E-07
   0.41406485E+02   0.13402722E-04  -0.34629932E-05  -0.43778787E-06   0.37021931E-07
   0.42053461E+02   0.11072365E-04  -0.37380353E-05  -0.41175774E-06   0.43434263E-07
   0.42700438E+02   0.85698012E-05  -0.39948993E-05  -0.38160543E-06   0.49756424E-07
   0.43347414E+02   0.59076480E-05  -0.42309411E-05  -0.34740588E-06   0.55936776E-07
   0.43994390E+02   0.31002139E-05  -0.44435761E-05  -0.30926780E-06   0.61922824E-07
   0.44641367E+02   0.16345964E-06  -0.46303001E-05  -0.26733402E-06   0.67661563E-07
   0.45288343E+02  -0.28850680E-05  -0.47887130E-05  -0.22178174E-06   0.73099885E-07
   0.45935319E+02  -0.60263103E-05  -0.49165401E-05  -0.17282242E-06   0.78184982E-07
   0.46582296E+02  -0.92397834E-05  -0.50116550E-05  -0.12070148E-06   0.82864750E-07
   0.47229272E+02  -0.12503679E-04  -0.50721004E-05  -0.65697732E-07   0.87088217E-07
   0.47876248E+02  -0.15794982E-04  -0.50961100E-05  -0.81225176E-08   0.90805970E-07
   0.48523225E+02  -0.19089608E-04  -0.50821295E-05   0.51681566E-07   0.93970609E-07
   0.49170201E+02  -0.22362537E-04  -0.50288359E-05   0.11334199E-06   0.96537164E-07
   0.49817177E+02  -0.25587972E-04  -0.49351563E-05   0.17645800E-06   0.98463537E-07
   0.50464154E+02  -0.28739509E-04  -0.48002856E-05   0.24060268E-06   0.99710932E-07
   0.51111130E+02  -0.31790317E-04  -0.46237030E-05   0.30532521E-06   0.10024428E-06
   0.51758106E+02  -0.34713318E-04  -0.44051863E-05   0.37015335E-06   0.10003262E-06
   0.52405083E+02  -0.37481393E-04  -0.41448251E-05   0.43459629E-06   0.99049550E-07
   0.53052059E+02  -0.40067587E-04  -0.38430315E-05   0.49814772E-06   0.97273528E-07
   0.53699035E+02  -0.42445316E-04  -0.35005495E-05   0.56028907E-06   0.94688268E-07
   0.54346012E+02  -0.44588588E-04  -0.31184618E-05   0.62049298E-06   0.91283046E-07
   0.54992988E+02  -0.46472221E-04  -0.26981937E-05   0.67822707E-06   0.87052989E-07
   0.55639964E+02  -0.48072069E-04  -0.22415157E-05   0.73295777E-06   0.81999339E-07
   0.56286941E+02  -0.49365239E-04  -0.17505431E-05   0.78415433E-06   0.76129669E-07
   0.56933917E+02  -0.50330320E-04  -0.12277324E-05   0.83129297E-06   0.69458067E-07
   0.57580893E+02  -0.50947600E-04  -0.67587527E-06   0.87386124E-06   0.62005269E-07
   0.58227870E+02  -0.51199277E-04  -0.98090238E-07   0.91136226E-06   0.53798752E-07
   0.58874846E+02  -0.51069671E-04   0.50218845E-06   0.94331907E-06   0.44872786E-07
   0.59521822E+02  -0.50545421E-04   0.11212257E-05   0.96927912E-06   0.35268425E-07
   0.60168799E+02  -0.49615676E-04   0.17550035E-05   0.98881860E-06   0.25033427E-07
   0.60815775E+02  -0.48272270E-04   0.23992408E-05   0.10015468E-05   0.14222157E-07
   0.61462751E+02  -0.46509888E-04   0.30494144E-05   0.10071103E-05   0.28954356E-08
   0.62109728E+02  -0.44326212E-04   0.37007844E-05   0.10051968E-05  -0.88796704E-08
   0.62756704E+02  -0.41722053E-04   0.43484225E-05   0.99553952E-06  -0.21030137E-07
   0.63403680E+02  -0.38701462E-04   0.49872457E-05   0.97792069E-06  -0.33477365E-07
   0.64050657E+02  -0.35271818E-04   0.56120505E-05   0.95217533E-06  -0.46137580E-07
   0.64697633E+02  -0.31443900E-04   0.62175389E-05   0.91819400E-06  -0.58922145E-07
   0.65344609E+02  -0.27231936E-04   0.67983625E-05   0.87592606E-06  -0.71738166E-07
   0.65991586E+02  -0.22653618E-04   0.73491603E-05   0.82538225E-06  -0.84489017E-07
   0.66638562E+02  -0.17730096E-04   0.78645989E-05   0.76663682E-06  -0.97074934E-07
   0.67285538E+02  -0.12485957E-04   0.83394134E-05   0.69982945E-06  -0.10939365E-06
   0.67932515E+02  -0.69491617E-05   0.87684507E-05   0.62516666E-06  -0.12134109E-06
   0.68579491E+02  -0.11509508E-05   0.91467138E-05   0.54292260E-06  -0.13281209E-06
   0.69226467E+02   0.48742649E-05   0.94694050E-05   0.45343962E-06  -0.14370118E-06
   0.69873444E+02   0.11089042E-04   0.97319701E-05   0.35712822E-06  -0.15390336E-06
   0.70520420E+02   0.17453082E-04   0.99301420E-05   0.25446650E-06  -0.16331491E-06
   0.71167396E+02   0.23923436E-04   0.10059985E-04   0.14599892E-06  -0.17183423E-06
   0.71814373E+02   0.30454722E-04   0.10117937E-04   0.32334798E-07  -0.17936275E-06
   0.72461349E+02   0.36999386E-04   0.10100849E-04  -0.85853922E-07  -0.18580570E-06
   0.73108325E+02   0.43507975E-04   0.10006027E-04  -0.20783542E-06  -0.19107305E-06
   0.73755302E+02   0.49929465E-04   0.98312711E-05  -0.33282156E-06  -0.19508037E-06
   0.74402278E+02   0.56211569E-04   0.95749050E-05  -0.45997154E-06  -0.19774963E-06
   0.75049254E+02   0.62301094E-04   0.92358144E-05  -0.58839635E-06  -0.19901013E-06
   0.75696231E+02   0.68144317E-04   0.88134739E-05  -0.71716382E-06  -0.19879920E-06
   0.76343207E+02   0.73687374E-04   0.83079734E-05  -0.84530413E-06  -0.19706310E-06
   0.76990183E+02   0.78876662E-04   0.77200413E-05  -0.97181568E-06  -0.19375765E-06
   0.77637160E+02   0.83659259E-04   0.70510625E-05  -0.10956716E-05  -0.18884904E-06
   0.78284136E+02   0.87983361E-04   0.63030923E-05  -0.12158266E-05  -0.18231438E-06
   0.78931112E+02   0.91798712E-04   0.54788663E-05  -0.13312245E-05  -0.17414235E-06
   0.79578088E+02   0.95057043E-04   0.45818053E-05  -0.14408055E-05  -0.16433370E-06
   0.80225065E+02   0.97712523E-04   0.36160144E-05  -0.15435144E-05  -0.15290170E-06
   0.80872041E+02   0.99722199E-04   0.25862777E-05  -0.16383085E-05  -0.13987249E-06
   0.81519017E+02   0.10104643E-03   0.14980479E-05  -0.17241667E-05  -0.12528540E-06
   0.82165994E+02   0.10164930E-03   0.35742898E-06  -0.18000972E-05  -0.10919314E-06
   0.82812970E+02   0.10149907E-03  -0.82884570E-06  -0.18651470E-05  -0.91661878E-07
   0.83459946E+02   0.10056854E-03  -0.20534406E-05  -0.19184101E-05  -0.72771249E-07
   0.84106923E+02   0.98835453E-04  -0.33084513E-05  -0.19590363E-05  -0.52614278E-07
   0.84753899E+02   0.96282821E-04  -0.45854447E-05  -0.19862401E-05  -0.31297138E-07
   0.85400875E+02   0.92899283E-04  -0.58755030E-05  -0.19993087E-05  -0.89388426E-08
   0.86047852E+02   0.88679392E-04  -0.71692722E-05  -0.19976104E-05   0.14329153E-07
   0.86694828E+02   0.83623879E-04  -0.84570162E-05  -0.19806022E-05   0.38363475E-07
   0.87341804E+02   0.77739882E-04  -0.97286786E-05  -0.19478379E-05   0.63009512E-07
   0.87988781E+02   0.71041122E-04  -0.10973952E-04  -0.18989744E-05   0.88102232E-07
   0.88635757E+02   0.63548062E-04  -0.12182338E-04  -0.18337790E-05   0.11346694E-06
   0.89282733E+02   0.55287997E-04  -0.13343227E-04  -0.17521344E-05   0.13892026E-06
   0.89929710E+02   0.46295100E-04  -0.14445970E-04  -0.16540448E-05   0.16427129E-06
   0.90576686E+02   0.36610423E-04  -0.15479963E-04  -0.15396397E-05   0.18932270E-06
   0.91223662E+02   0.26281845E-04  -0.16434727E-04  -0.14091784E-05   0.21387202E-06
   0.91870639E+02   0.15363966E-04  -0.17299994E-04  -0.12630522E-05   0.23771297E-06
   0.92517615E+02   0.39179291E-05  -0.18065791E-04  -0.11017868E-05   0.26063696E-06
   0.93164591E+02  -0.79887882E-05  -0.18722530E-04  -0.92604325E-06   0.28243451E-06
   0.93811568E+02  -0.20282649E-04  -0.19261095E-04  -0.73661791E-06   0.30289688E-06
   0.94458544E+02  -0.32884396E-04  -0.19672928E-04  -0.53444155E-06   0.32181764E-06
   0.95105520E+02  -0.45709444E-04  -0.19950116E-04  -0.32057726E-06   0.33899437E-06
   0.95752497E+02  -0.58668315E-04  -0.20085476E-04  -0.96217404E-07   0.35423033E-06
   0.96399473E+02  -0.71667134E-04  -0.20072637E-04   0.13732060E-06   0.36733620E-06
   0.97046449E+02  -0.84608204E-04  -0.19906119E-04   0.37859989E-06   0.37813179E-06
   0.97693426E+02  -0.97390585E-04  -0.19581410E-04   0.62607037E-06   0.38644775E-06
   0.98340402E+02  -0.10991075E-03  -0.19095035E-04   0.87807631E-06   0.39212729E-06
   0.98987378E+02  -0.12206327E-03  -0.18444620E-04   0.11328651E-05   0.39502785E-06
   0.99634355E+02  -0.13374157E-03  -0.17628957E-04   0.13885969E-05   0.39502268E-06
   0.10028133E+03  -0.14483866E-03  -0.16648051E-04   0.16433554E-05   0.39200248E-06
   0.10092831E+03  -0.15524799E-03  -0.15503170E-04   0.18951597E-05   0.38587681E-06
   0.10157528E+03  -0.16486421E-03  -0.14196879E-04   0.21419767E-05   0.37657556E-06
   0.10222226E+03  -0.17358410E-03  -0.12733075E-04   0.23817351E-05   0.36405019E-06
   0.10286924E+03  -0.18130736E-03  -0.11117001E-04   0.26123394E-05   0.34827496E-06
   0.10351621E+03  -0.18793755E-03  -0.93552598E-05   0.28316850E-05   0.32924796E-06
   0.10416319E+03  -0.19338292E-03  -0.74558154E-05   0.30376741E-05   0.30699203E-06
   0.10481017E+03  -0.19755732E-03  -0.54279816E-05   0.32282320E-05   0.28155551E-06
   0.10545714E+03  -0.20038107E-03  -0.32824031E-05   0.34013236E-05   0.25301283E-06
   0.10610412E+03  -0.20178177E-03  -0.10310243E-05   0.35549703E-05   0.22146494E-06
   0.10675109E+03  -0.20169518E-03   0.13129544E-05   0.36872679E-05   0.18703951E-06
   0.10739807E+03  -0.20006599E-03   0.37351299E-05   0.37964031E-05   0.14989097E-06
   0.10804505E+03  -0.19684858E-03   0.62199588E-05   0.38806714E-05   0.11020037E-06
   0.10869202E+03  -0.19200773E-03   0.87508327E-05   0.39384936E-05   0.68174987E-07
   0.10933900E+03  -0.18551928E-03   0.11310168E-04   0.39684331E-05   0.24047706E-07
   0.10998598E+03  -0.17737074E-03   0.13879506E-04   0.39692122E-05  -0.21923844E-07
   0.11063295E+03  -0.16756184E-03   0.16439612E-04   0.39397275E-05  -0.69458193E-07
   0.11127993E+03  -0.15610494E-03   0.18970601E-04   0.38790650E-05  -0.11825137E-06
   0.11192690E+03  -0.14302546E-03   0.21452060E-04   0.37865143E-05  -0.16797837E-06
   0.11257388E+03  -0.12836215E-03   0.23863187E-04   0.36615817E-05  -0.21829484E-06
   0.11322086E+03  -0.11216733E-03   0.26182932E-04   0.35040019E-05  -0.26883892E-06
   0.11386783E+03  -0.94506947E-04   0.28390151E-04   0.33137490E-05  -0.31923342E-06
   0.11451481E+03  -0.75460633E-04   0.30463765E-04   0.30910453E-05  -0.36908815E-06
   0.11516179E+03  -0.55121591E-04   0.32382920E-04   0.28363692E-05  -0.41800228E-06
   0.11580876E+03  -0.33596397E-04   0.34127155E-04   0.25504611E-05  -0.46556710E-06
   0.11645574E+03  -0.11004687E-04   0.35676576E-04   0.22343277E-05  -0.51136884E-06
   0.11710272E+03   0.12521257E-04   0.37012025E-04   0.18892439E-05  -0.55499157E-06
   0.11774969E+03   0.36837038E-04   0.38115256E-04   0.15167542E-05  -0.59602036E-06
   0.11839667E+03   0.61786802E-04   0.38969111E-04   0.11186699E-05  -0.63404443E-06
   0.11904364E+03   0.87203999E-04   0.39557688E-04   0.69706582E-06  -0.66866051E-06
   0.11969062E+03   0.11291223E-03   0.39866510E-04   0.25427456E-06  -0.69947615E-06
   0.12033760E+03   0.13872625E-03   0.39882693E-04  -0.20712188E-06  -0.72611309E-06
   0.12098457E+03   0.16445303E-03   0.39595099E-04  -0.68430235E-06  -0.74821078E-06
   0.12163155E+03   0.18989292E-03   0.38994490E-04  -0.11742190E-05  -0.76542970E-06
   0.12227853E+03   0.21484098E-03   0.38073670E-04  -0.16736118E-05  -0.77745481E-06
   0.12292550E+03   0.23908829E-03   0.36827615E-04  -0.21790264E-05  -0.78399884E-06
   0.12357248E+03   0.26242342E-03   0.35253596E-04  -0.26868317E-05  -0.78480555E-06
   0.12421946E+03   0.28463395E-03   0.33351282E-04  -0.31932421E-05  -0.77965285E-06
   0.12486643E+03   0.30550805E-03   0.31122837E-04  -0.36943402E-05  -0.76835575E-06
   0.12551341E+03   0.32483610E-03   0.28572994E-04  -0.41861014E-05  -0.75076924E-06
   0.12616038E+03   0.34241241E-03   0.25709118E-04  -0.46644212E-05  -0.72679083E-06
   0.12680736E+03   0.35803690E-03   0.22541249E-04  -0.51251431E-05  -0.69636298E-06
   0.12745434E+03   0.37151689E-03   0.19082122E-04  -0.55640885E-05  -0.65947520E-06
   0.12810131E+03   0.38266877E-03   0.15347178E-04  -0.59770876E-05  -0.61616593E-06
   0.12874829E+03   0.39131982E-03   0.11354540E-04  -0.63600120E-05  -0.56652406E-06
   0.12939527E+03   0.39730989E-03   0.71249840E-05  -0.67088072E-05  -0.51069018E-06
   0.13004224E+03   0.40049313E-03   0.26818737E-05  -0.70195268E-05  -0.44885742E-06
   0.13068922E+03   0.40073962E-03  -0.19489182E-05  -0.72883664E-05  -0.38127197E-06
   0.13133619E+03   0.39793693E-03  -0.67391113E-05  -0.75116982E-05  -0.30823320E-06
   0.13198317E+03   0.39199172E-03  -0.11658146E-04  -0.76861051E-05  -0.23009334E-06
   0.13263015E+03   0.38283109E-03  -0.16673330E-04  -0.78084148E-05  -0.14725681E-06
   0.13327712E+03   0.37040395E-03  -0.21750006E-04  -0.78757335E-05  -0.60179078E-07
   0.13392410E+03   0.35468220E-03  -0.26851740E-04  -0.78854777E-05   0.30634809E-07
   0.13457108E+03   0.33566185E-03  -0.31940537E-04  -0.78354066E-05   0.12463236E-06
   0.13521805E+03   0.31336392E-03  -0.36977078E-04  -0.77236513E-05   0.22121606E-06
   0.13586503E+03   0.28783524E-03  -0.41920954E-04  -0.75487434E-05   0.31974609E-06
   0.13651201E+03   0.25914906E-03  -0.46730947E-04  -0.73096413E-05   0.41954376E-06
   0.13715898E+03   0.22740548E-03  -0.51365309E-04  -0.70057540E-05   0.51989516E-06
   0.13780596E+03   0.19273171E-03  -0.55782061E-04  -0.66369627E-05   0.62005528E-06
   0.13845293E+03   0.15528210E-03  -0.59939304E-04  -0.62036393E-05   0.71925255E-06
   0.13909991E+03   0.11523801E-03  -0.63795545E-04  -0.57066625E-05   0.81669374E-06
   0.13974689E+03   0.72807402E-04  -0.67310025E-04  -0.51474296E-05   0.91156912E-06
   0.14039386E+03   0.28224298E-04  -0.70443060E-04  -0.45278655E-05   0.10030581E-05
   0.14104084E+03  -0.18252057E-04  -0.73156384E-04  -0.38504283E-05   0.10903350E-05
   0.14168782E+03  -0.66338204E-04  -0.75413493E-04  -0.31181099E-05   0.11725752E-05
   0.14233479E+03  -0.11572772E-03  -0.77179991E-04  -0.23344341E-05   0.12489614E-05
   0.14298177E+03  -0.16609274E-03  -0.78423933E-04  -0.15034488E-05   0.13186904E-05
   0.14362875E+03  -0.21708558E-03  -0.79116160E-04  -0.62971580E-06   0.13809794E-05
   0.14427572E+03  -0.26834068E-03  -0.79230625E-04   0.28170544E-06   0.14350729E-05
   0.14492270E+03  -0.31947675E-03  -0.78744710E-04   0.12252773E-05   0.14802494E-05
   0.14556967E+03  -0.37009903E-03  -0.77639529E-04   0.21950080E-05   0.15158285E-05
   0.14621665E+03  -0.41980184E-03  -0.75900213E-04   0.31844809E-05   0.15411773E-05
   0.14686363E+03  -0.46817124E-03  -0.73516170E-04   0.41868870E-05   0.15557172E-05
   0.14751060E+03  -0.51478790E-03  -0.70481333E-04   0.51950621E-05   0.15589303E-05
   0.14815758E+03  -0.55923008E-03  -0.66794372E-04   0.62015285E-05   0.15503656E-05
   0.14880456E+03  -0.60107676E-03  -0.62458886E-04   0.71985398E-05   0.15296452E-05
   0.14945153E+03  -0.63991089E-03  -0.57483558E-04   0.81781303E-05   0.14964697E-05
   0.15009851E+03  -0.67532273E-03  -0.51882283E-04   0.91321676E-05   0.14506237E-05
   0.15074548E+03  -0.70691322E-03  -0.45674254E-04   0.10052408E-04   0.13919801E-05
   0.15139246E+03  -0.73429746E-03  -0.38884020E-04   0.10930556E-04   0.13205051E-05
   0.15203944E+03  -0.75710816E-03  -0.31541497E-04   0.11758325E-04   0.12362615E-05
   0.15268641E+03  -0.77499912E-03  -0.23681942E-04   0.12527501E-04   0.11394120E-05
   0.15333339E+03  -0.78764867E-03  -0.15345884E-04   0.13230008E-04   0.10302215E-05
   0.15398037E+03  -0.79476302E-03  -0.65790151E-05   0.13857976E-04   0.90905942E-06
   0.15462734E+03  -0.79607959E-03   0.25679635E-05   0.14403807E-04   0.77640025E-06
   0.15527432E+03  -0.79137016E-03   0.12039546E-04   0.14860246E-04   0.63282414E-06
   0.15592130E+03  -0.78044391E-03   0.21775662E-04   0.15220445E-04   0.47901633E-06
   0.15656827E+03  -0.76315029E-03   0.31711955E-04   0.15478034E-04   0.31576600E-06
   0.15721525E+03  -0.73938168E-03   0.41780117E-04   0.15627186E-04   0.14396410E-06
   0.15786222E+03  -0.70907584E-03   0.51908274E-04   0.15662685E-04  -0.35399897E-07
   0.15850920E+03  -0.67221806E-03   0.62021390E-04   0.15579983E-04  -0.22124161E-06
   0.15915618E+03  -0.62884309E-03   0.72041714E-04   0.15375264E-04  -0.41238645E-06
   0.15980315E+03  -0.57903673E-03   0.81889281E-04   0.15045501E-04  -0.60757530E-06
   0.16045013E+03  -0.52293709E-03   0.91482436E-04   0.14588506E-04  -0.80547088E-06
   0.16109711E+03  -0.46073551E-03   0.10073839E-03   0.14002980E-04  -0.10046650E-05
   0.16174408E+03  -0.39267707E-03   0.10957382E-03   0.13288554E-04  -0.12036867E-05
   0.16239106E+03  -0.31906082E-03   0.11790548E-03   0.12445832E-04  -0.14010110E-05
   0.16303803E+03  -0.24023943E-03   0.12565081E-03   0.11476416E-04  -0.15950686E-05
   0.16368501E+03  -0.15661858E-03   0.13272865E-03   0.10382939E-04  -0.17842557E-05
   0.16433199E+03  -0.68655861E-04   0.13905987E-03   0.91690750E-05  -0.19669457E-05
   0.16497896E+03   0.23140791E-04   0.14456805E-03   0.78395587E-05  -0.21414999E-05
   0.16562594E+03   0.11821508E-03   0.14918019E-03   0.64001835E-05  -0.23062802E-05
   0.16627292E+03   0.21596476E-03   0.15282737E-03   0.48577999E-05  -0.24596609E-05
   0.16691989E+03   0.31574448E-03   0.15544543E-03   0.32203024E-05  -0.26000424E-05
   0.16756687E+03   0.41686915E-03   0.15697569E-03   0.14966086E-05  -0.27258634E-05
   0.16821385E+03   0.51861760E-03   0.15736552E-03  -0.30336990E-06  -0.28356151E-05
   0.16886082E+03   0.62023678E-03   0.15656903E-03  -0.21687658E-05  -0.29278542E-05
   0.16950780E+03   0.72094630E-03   0.15454766E-03  -0.40878031E-05  -0.30012168E-05
   0.17015477E+03   0.81994331E-03   0.15127075E-03  -0.60478524E-05  -0.30544315E-05
   0.17080175E+03   0.91640786E-03   0.14671607E-03  -0.80354956E-05  -0.30863327E-05
   0.17144873E+03   0.10095085E-02   0.14087030E-03  -0.10036598E-04  -0.30958739E-05
   0.17209570E+03   0.10984080E-02   0.13372947E-03  -0.12036389E-04  -0.30821399E-05
   0.17274268E+03   0.11822699E-02   0.12529936E-03  -0.14019554E-04  -0.30443590E-05
   0.17338966E+03   0.12602647E-02   0.11559581E-03  -0.15970325E-04  -0.29819141E-05
   0.17403663E+03   0.13315764E-02   0.10464497E-03  -0.17872592E-04  -0.28943538E-05
   0.17468361E+03   0.13954092E-02   0.92483508E-04  -0.19710005E-04  -0.27814016E-05
   0.17533059E+03   0.14509947E-02   0.79158698E-04  -0.21466097E-04  -0.26429652E-05
   0.17597756E+03   0.14975984E-02   0.64728485E-04  -0.23124401E-04  -0.24791435E-05
   0.17662454E+03   0.15345266E-02   0.49261433E-04  -0.24668579E-04  -0.22902335E-05
   0.17727151E+03   0.15611337E-02   0.32836595E-04  -0.26082550E-04  -0.20767352E-05
   0.17791849E+03   0.15768283E-02   0.15543314E-04  -0.27350624E-04  -0.18393556E-05
   0.17856547E+03   0.15810801E-02  -0.25190786E-05  -0.28457635E-04  -0.15790106E-05
   0.17921244E+03   0.15734263E-02  -0.21241649E-04  -0.29389078E-04  -0.12968260E-05
   0.17985942E+03   0.15534774E-02  -0.40506327E-04  -0.30131243E-04  -0.99413640E-06
   0.18050640E+03   0.15209233E-02  -0.60186468E-04  -0.30671352E-04  -0.67248305E-06
   0.18115337E+03   0.14755383E-02  -0.80147496E-04  -0.30997689E-04  -0.33360936E-06
   0.18180035E+03   0.14171862E-02  -0.10024763E-03  -0.31099730E-04   0.20544715E-07
   0.18244732E+03   0.13458246E-02  -0.12033871E-03  -0.30968268E-04   0.38785042E-06
   0.18309430E+03   0.12615087E-02  -0.14026706E-03  -0.30595530E-04   0.76599934E-06
   0.18374128E+03   0.11643948E-02  -0.15987449E-03  -0.29975296E-04   0.11525143E-05
   0.18438825E+03   0.10547427E-02  -0.17899930E-03  -0.29102994E-04   0.15447618E-05
   0.18503523E+03   0.93291765E-03  -0.19747740E-03  -0.27975808E-04   0.19399663E-05
   0.18568221E+03   0.79939144E-03  -0.21514348E-03  -0.26592757E-04   0.23352261E-05
   0.18632918E+03   0.65474297E-03  -0.23183218E-03  -0.24954773E-04   0.27275299E-05
   0.18697616E+03   0.49965777E-03  -0.24737941E-03  -0.23064768E-04   0.31137761E-05
   0.18762314E+03   0.33492677E-03  -0.26162360E-03  -0.20927685E-04   0.34907923E-05
   0.18827011E+03   0.16144427E-03  -0.27440705E-03  -0.18550533E-04   0.38553570E-05
   0.18891709E+03  -0.19795013E-04  -0.28557729E-03  -0.15942421E-04   0.42042213E-05
   0.18956406E+03  -0.20769978E-03  -0.29498838E-03  -0.13114558E-04   0.45341330E-05
   0.19021104E+03  -0.40108682E-03  -0.30250237E-03  -0.10080252E-04   0.48418610E-05
   0.19085802E+03  -0.59868656E-03  -0.30799054E-03  -0.68548902E-05   0.51242200E-05
   0.19150499E+03  -0.79914956E-03  -0.31133481E-03  -0.34558969E-05   0.53780971E-05
   0.19215197E+03  -0.10010537E-02  -0.31242903E-03   0.97319530E-07   0.56004781E-05
   0.19279895E+03  -0.12029125E-02  -0.31118021E-03   0.37834400E-05   0.57884741E-05
   0.19344592E+03  -0.14031838E-02  -0.30750975E-03   0.75793241E-05   0.59393488E-05
   0.19409290E+03  -0.16002796E-02  -0.30135460E-03   0.11460118E-04   0.60505458E-05
   0.19473988E+03  -0.17925764E-02  -0.29266828E-03   0.15399379E-04   0.61197147E-05
   0.19538685E+03  -0.19784263E-02  -0.28142193E-03   0.19369217E-04   0.61447380E-05
   0.19603383E+03  -0.21561686E-02  -0.26760512E-03   0.23340455E-04   0.61237565E-05
   0.19668080E+03  -0.23241421E-02  -0.25122671E-03   0.27282804E-04   0.60551940E-05
   0.19732778E+03  -0.24806977E-02  -0.23231542E-03   0.31165052E-04   0.59377805E-05
   0.19797476E+03  -0.26242115E-02  -0.21092045E-03   0.34955270E-04   0.57705741E-05
   0.19862173E+03  -0.27530981E-02  -0.18711180E-03   0.38621033E-04   0.55529811E-05
   0.19926871E+03  -0.28658242E-02  -0.16098055E-03   0.42129647E-04   0.52847738E-05
   0.19991569E+03  -0.29609225E-02  -0.13263898E-03   0.45448395E-04   0.49661061E-05
   0.20056266E+03  -0.30370047E-02  -0.10222044E-03   0.48544786E-04   0.45975269E-05
   0.20120964E+03  -0.30927761E-02  -0.69879182E-04   0.51386816E-04   0.41799898E-05
   0.20185661E+03  -0.31270480E-02  -0.35789934E-04   0.53943228E-04   0.37148607E-05
   0.20250359E+03  -0.31387514E-02  -0.14732624E-06   0.56183787E-04   0.32039221E-05
   0.20315057E+03  -0.31269496E-02   0.36834854E-04   0.58079544E-04   0.26493737E-05
   0.20379754E+03  -0.30908499E-02   0.74924581E-04   0.59603108E-04   0.20538303E-05
   0.20444452E+03  -0.30298155E-02   0.11387267E-03   0.60728912E-04   0.14203162E-05
   0.20509150E+03  -0.29433760E-02   0.15341405E-03   0.61433477E-04   0.75225577E-06
   0.20573847E+03  -0.28312372E-02   0.19326925E-03   0.61695664E-04   0.53461369E-07
   0.20638545E+03  -0.26932900E-02   0.23314590E-03   0.61496925E-04  -0.67188213E-06
   0.20703243E+03  -0.25296182E-02   0.27274054E-03   0.60821532E-04  -0.14192362E-05
   0.20767940E+03  -0.23405049E-02   0.31174053E-03   0.59656802E-04  -0.21837304E-05
   0.20832638E+03  -0.21264379E-02   0.34982603E-03   0.57993306E-04  -0.29601867E-05
   0.20897335E+03  -0.18881138E-02   0.38667224E-03   0.55825056E-04  -0.37431473E-05
   0.20962033E+03  -0.16264402E-02   0.42195162E-03   0.53149677E-04  -0.45269046E-05
   0.21026731E+03  -0.13425370E-02   0.45533631E-03   0.49968561E-04  -0.53055335E-05
   0.21091428E+03  -0.10377355E-02   0.48650062E-03   0.46286990E-04  -0.60729269E-05
   0.21156126E+03  -0.71357634E-03   0.51512353E-03   0.42114251E-04  -0.68228329E-05
   0.21220824E+03  -0.37180578E-03   0.54089139E-03   0.37463709E-04  -0.75488948E-05
   0.21285521E+03  -0.14369792E-04   0.56350050E-03   0.32352865E-04  -0.82446928E-05
   0.21350219E+03   0.35659311E-03   0.58265984E-03   0.26803382E-04  -0.89037885E-05
   0.21414916E+03   0.73876091E-03   0.59809375E-03   0.20841083E-04  -0.95197713E-05
   0.21479614E+03   0.11296390E-02   0.60954462E-03   0.14495914E-04  -0.10086307E-04
   0.21544312E+03   0.15265725E-02   0.61677551E-03   0.78018833E-05  -0.10597186E-04
   0.21609009E+03   0.19267610E-02   0.61957281E-03   0.79696054E-06  -0.11046382E-04
   0.21673707E+03   0.23272736E-02   0.61774868E-03  -0.64770570E-05  -0.11428096E-04
   0.21738405E+03   0.27250672E-02   0.61114355E-03  -0.13974711E-04  -0.11736820E-04
   0.21803102E+03   0.31170053E-02   0.59962836E-03  -0.21647089E-04  -0.11967389E-04
   0.21867800E+03   0.34998780E-02   0.58310678E-03  -0.29442060E-04  -0.12115036E-04
   0.21932498E+03   0.38704246E-02   0.56151715E-03  -0.37304557E-04  -0.12175453E-04
   0.21997195E+03   0.42253560E-02   0.53483431E-03  -0.45176885E-04  -0.12144841E-04
   0.22061893E+03   0.45613790E-02   0.50307120E-03  -0.52999073E-04  -0.12019966E-04
   0.22126590E+03   0.48752217E-02   0.46628017E-03  -0.60709255E-04  -0.11798212E-04
   0.22191288E+03   0.51636589E-02   0.42455411E-03  -0.68244082E-04  -0.11477627E-04
   0.22255986E+03   0.54235389E-02   0.37802725E-03  -0.75539172E-04  -0.11056964E-04
   0.22320683E+03   0.56518106E-02   0.32687570E-03  -0.82529574E-04  -0.10535725E-04
   0.22385381E+03   0.58455500E-02   0.27131763E-03  -0.89150267E-04  -0.99141933E-05
   0.22450079E+03   0.60019882E-02   0.21161314E-03  -0.95336670E-04  -0.91934546E-05
   0.22514776E+03   0.61185380E-02   0.14806388E-03  -0.10102517E-03  -0.83754215E-05
   0.22579474E+03   0.61928203E-02   0.81012136E-04  -0.10615367E-03  -0.74628426E-05
   0.22644172E+03   0.62226906E-02   0.10839787E-04  -0.11066212E-03  -0.64593070E-05
   0.22708869E+03   0.62062637E-02  -0.62033267E-04  -0.11449304E-03  -0.53692393E-05
   0.22773567E+03   0.61419381E-02  -0.13715094E-03  -0.11759212E-03  -0.41978880E-05
   0.22838264E+03   0.60284183E-02  -0.21402312E-03  -0.11990868E-03  -0.29513061E-05
   0.22902962E+03   0.58647362E-02  -0.29212827E-03  -0.12139622E-03  -0.16363243E-05
   0.22967660E+03   0.56502707E-02  -0.37091623E-03  -0.12201289E-03  -0.26051793E-06
   0.23032357E+03   0.53847649E-02  -0.44981140E-03  -0.12172198E-03   0.11678305E-05
   0.23097055E+03   0.50683417E-02  -0.52821623E-03  -0.12049236E-03   0.26397752E-05
   0.23161753E+03   0.47015166E-02  -0.60551491E-03  -0.11829889E-03   0.41457530E-05
   0.23226450E+03   0.42852084E-02  -0.68107743E-03  -0.11512280E-03   0.56756343E-05
   0.23291148E+03   0.38207470E-02  -0.75426379E-03  -0.11095203E-03   0.72187746E-05
   0.23355845E+03   0.33098784E-02  -0.82442846E-03  -0.10578158E-03   0.87640694E-05
   0.23420543E+03   0.27547667E-02  -0.89092500E-03  -0.99613750E-04   0.10300010E-04
   0.23485241E+03   0.21579933E-02  -0.95311092E-03  -0.92458422E-04   0.11814741E-04
   0.23549938E+03   0.15225527E-02  -0.10103526E-02  -0.84333225E-04   0.13296123E-04
   0.23614636E+03   0.85184493E-03  -0.10620304E-02  -0.75263726E-04   0.14731790E-04
   0.23679334E+03   0.14966519E-03  -0.11075438E-02  -0.65283544E-04   0.16109222E-04
   0.23744031E+03  -0.57981051E-03  -0.11463168E-02  -0.54434432E-04   0.17415811E-04
   0.23808729E+03  -0.13320427E-02  -0.11778027E-02  -0.42766308E-04   0.18638940E-04
   0.23873427E+03  -0.21021494E-02  -0.12014902E-02  -0.30337231E-04   0.19766067E-04
   0.23938124E+03  -0.28849303E-02  -0.12169078E-02  -0.17213328E-04   0.20784813E-04
   0.24002822E+03  -0.36748947E-02  -0.12236295E-02  -0.34686543E-05   0.21683068E-04
   0.24067519E+03  -0.44662922E-02  -0.12212798E-02   0.10815016E-04   0.22449095E-04
   0.24132217E+03  -0.52531471E-02  -0.12095383E-02   0.25548466E-04   0.23071651E-04
   0.24196915E+03  -0.60292956E-02  -0.11881450E-02   0.40635403E-04   0.23540114E-04
   0.24261612E+03  -0.67884262E-02  -0.11569040E-02   0.55972894E-04   0.23844617E-04
   0.24326310E+03  -0.75241228E-02  -0.11156881E-02   0.71451906E-04   0.23976187E-04
   0.24391008E+03  -0.82299103E-02  -0.10644427E-02   0.86957930E-04   0.23926888E-04
   0.24455705E+03  -0.88993023E-02  -0.10031886E-02   0.10237169E-03   0.23689959E-04
   0.24520403E+03  -0.95258512E-02  -0.93202504E-03   0.11756997E-03   0.23259955E-04
   0.24585101E+03  -0.10103200E-01  -0.85113228E-03   0.13242646E-03   0.22632872E-04
   0.24649798E+03  -0.10625134E-01  -0.76077286E-03   0.14681279E-03   0.21806264E-04
   0.24714496E+03  -0.11085636E-01  -0.66129279E-03   0.16059952E-03   0.20779337E-04
   0.24779193E+03  -0.11478941E-01  -0.55312190E-03   0.17365726E-03   0.19553032E-04
   0.24843891E+03  -0.11799586E-01  -0.43677340E-03   0.18585779E-03   0.18130072E-04
   0.24908589E+03  -0.12042469E-01  -0.31284275E-03   0.19707527E-03   0.16514992E-04
   0.24973286E+03  -0.12202899E-01  -0.18200576E-03   0.20718733E-03   0.14714135E-04
   0.25037984E+03  -0.12276648E-01  -0.45015952E-04   0.21607634E-03   0.12735623E-04
   0.25102682E+03  -0.12259999E-01   0.97298855E-04   0.22363043E-03   0.10589300E-04
   0.25167379E+03  -0.12149793E-01   0.24404066E-03   0.22974466E-03   0.82866476E-05
   0.25232077E+03  -0.11943475E-01   0.39424607E-03   0.23432204E-03   0.58406824E-05
   0.25296774E+03  -0.11639131E-01   0.54689177E-03   0.23727443E-03   0.32658349E-05
   0.25361472E+03  -0.11235528E-01   0.70090053E-03   0.23852346E-03   0.57781669E-06
   0.25426170E+03  -0.10732147E-01   0.85514779E-03   0.23800132E-03  -0.22065165E-05
   0.25490867E+03  -0.10129207E-01   0.10084687E-02   0.23565141E-03  -0.50693016E-05
   0.25555565E+03  -0.94276939E-02   0.11596656E-02   0.23142900E-03  -0.79917975E-05
   0.25620263E+03  -0.86293762E-02   0.13075160E-02   0.22530172E-03  -0.10954501E-04
   0.25684960E+03  -0.77368191E-02   0.14507803E-02   0.21725006E-03  -0.13937247E-04
   0.25749658E+03  -0.67533933E-02   0.15882108E-02   0.20726774E-03  -0.16919284E-04
   0.25814356E+03  -0.56832767E-02   0.17185600E-02   0.19536205E-03  -0.19879335E-04
   0.25879053E+03  -0.45314522E-02   0.18405897E-02   0.18155425E-03  -0.22795634E-04
   0.25943751E+03  -0.33036982E-02   0.19530800E-02   0.16587981E-03  -0.25645945E-04
   0.26008448E+03  -0.20065739E-02   0.20548385E-02   0.14838873E-03  -0.28407574E-04
   0.26073146E+03  -0.64739833E-03   0.21447101E-02   0.12914586E-03  -0.31057378E-04
   0.26137844E+03   0.76577651E-03   0.22215865E-02   0.10823115E-03  -0.33571786E-04
   0.26202541E+03   0.22241996E-02   0.22844160E-02   0.85739927E-04  -0.35926831E-04
   0.26267239E+03   0.37184603E-02   0.23322137E-02   0.61783137E-04  -0.38098226E-04
   0.26331937E+03   0.52385355E-02   0.23640716E-02   0.36487514E-04  -0.40061477E-04
   0.26396634E+03   0.67738417E-02   0.23791687E-02   0.99956620E-05  -0.41792052E-04
   0.26461332E+03   0.83132957E-02   0.23767816E-02  -0.17533991E-04  -0.43265610E-04
   0.26526029E+03   0.98453802E-02   0.23562942E-02  -0.45927412E-04  -0.44458302E-04
   0.26590727E+03   0.11358217E-01   0.23172081E-02  -0.74995388E-04  -0.45347127E-04
   0.26655425E+03   0.12839646E-01   0.22591520E-02  -0.10453422E-03  -0.45910356E-04
   0.26720122E+03   0.14277310E-01   0.21818910E-02  -0.13432667E-03  -0.46127999E-04
   0.26784820E+03   0.15658747E-01   0.20853344E-02  -0.16414329E-03  -0.45982308E-04
   0.26849518E+03   0.16971485E-01   0.19695438E-02  -0.19374399E-03  -0.45458293E-04
   0.26914215E+03   0.18203142E-01   0.18347390E-02  -0.22288002E-03  -0.44544227E-04
   0.26978913E+03   0.19341531E-01   0.16813028E-02  -0.25129624E-03  -0.43232119E-04
   0.27043611E+03   0.20374767E-01   0.15097847E-02  -0.27873363E-03  -0.41518120E-04
   0.27108308E+03   0.21291375E-01   0.13209019E-02  -0.30493215E-03  -0.39402857E-04
   0.27173006E+03   0.22080397E-01   0.11155398E-02  -0.32963364E-03  -0.36891651E-04
   0.27237703E+03   0.22731502E-01   0.89474908E-03  -0.35258496E-03  -0.33994616E-04
   0.27302401E+03   0.23235093E-01   0.65974192E-03  -0.37354103E-03  -0.30726632E-04
   0.27367099E+03   0.23582405E-01   0.41188552E-03  -0.39226793E-03  -0.27107174E-04
   0.27431796E+03   0.23765608E-01   0.15269407E-03  -0.40854573E-03  -0.23160003E-04
   0.27496494E+03   0.23777894E-01  -0.11618118E-03  -0.42217114E-03  -0.18912747E-04
   0.27561192E+03   0.23613569E-01  -0.39296349E-03  -0.43295987E-03  -0.14396355E-04
   0.27625889E+03   0.23268120E-01  -0.67576360E-03  -0.44074854E-03  -0.96444768E-05
   0.27690587E+03   0.22738293E-01  -0.96259370E-03  -0.44539626E-03  -0.46927879E-05
   0.27755285E+03   0.22022146E-01  -0.12513824E-02  -0.44678567E-03   0.42171460E-06
   0.27819982E+03   0.21119102E-01  -0.15399903E-02  -0.44482359E-03   0.56613946E-05
   0.27884680E+03   0.20029983E-01  -0.18262253E-02  -0.43944122E-03   0.10988605E-04
   0.27949377E+03   0.18757045E-01  -0.21078590E-02  -0.43059399E-03   0.16366219E-04
   0.28014075E+03   0.17303991E-01  -0.23826417E-02  -0.41826106E-03   0.21758035E-04
   0.28078773E+03   0.15675983E-01  -0.26483176E-02  -0.40244463E-03   0.27129005E-04
   0.28143470E+03   0.13879642E-01  -0.29026398E-02  -0.38316921E-03   0.32445292E-04
   0.28208168E+03   0.11923033E-01  -0.31433842E-02  -0.36048083E-03   0.37674117E-04
   0.28272866E+03   0.98156519E-02  -0.33683632E-02  -0.33444646E-03   0.42783419E-04
   0.28337563E+03   0.75683921E-02  -0.35754393E-02  -0.30515375E-03   0.47741341E-04
   0.28402261E+03   0.51935115E-02  -0.37625382E-02  -0.27271103E-03   0.52515585E-04
   0.28466958E+03   0.27045854E-02  -0.39276629E-02  -0.23724789E-03   0.57072682E-04
   0.28531656E+03   0.11645250E-03  -0.40689070E-02  -0.19891612E-03   0.61377265E-04
   0.28596354E+03  -0.25548484E-02  -0.41844700E-02  -0.15789122E-03   0.65391421E-04
   0.28661051E+03  -0.52921521E-02  -0.42726731E-02  -0.11437416E-03   0.69074200E-04
   0.28725749E+03  -0.80772514E-02  -0.43319763E-02  -0.68593451E-04   0.72381394E-04
   0.28790447E+03  -0.10890992E-01  -0.43609970E-02  -0.20807258E-04   0.75265623E-04
   0.28855144E+03  -0.13713383E-01  -0.43585297E-02   0.28694703E-04   0.77676827E-04
   0.28919842E+03  -0.16523714E-01  -0.43235668E-02   0.79589687E-04   0.79563149E-04
   0.28984540E+03  -0.19300694E-01  -0.42553206E-02   0.13152116E-03   0.80872238E-04
   0.29049237E+03  -0.22022600E-01  -0.41532450E-02   0.18409899E-03   0.81552915E-04
   0.29113935E+03  -0.24667438E-01  -0.40170567E-02   0.23690085E-03   0.81557125E-04
   0.29178632E+03  -0.27213122E-01  -0.38467555E-02   0.28947488E-03   0.80842076E-04
   0.29243330E+03  -0.29637663E-01  -0.36426418E-02   0.34134386E-03   0.79372432E-04
   0.29308028E+03  -0.31919367E-01  -0.34053318E-02   0.39201067E-03   0.77122421E-04
   0.29372725E+03  -0.34037043E-01  -0.31357678E-02   0.44096515E-03   0.74077717E-04
   0.29437423E+03  -0.35970219E-01  -0.28352243E-02   0.48769196E-03   0.70236970E-04
   0.29502121E+03  -0.37699352E-01  -0.25053084E-02   0.53167942E-03   0.65612883E-04
   0.29566818E+03  -0.39206049E-01  -0.21479547E-02   0.57242877E-03   0.60232757E-04
   0.29631516E+03  -0.40473270E-01  -0.17654139E-02   0.60946364E-03   0.54138478E-04
   0.29696214E+03  -0.41485527E-01  -0.13602349E-02   0.64233934E-03   0.47385929E-04
   0.29760911E+03  -0.42229075E-01  -0.93524172E-03   0.67065158E-03   0.40043861E-04
   0.29825609E+03  -0.42692073E-01  -0.49350484E-03   0.69404426E-03   0.32192277E-04
   0.29890306E+03  -0.42864742E-01  -0.38307650E-04   0.71221617E-03   0.23920383E-04
   0.29955004E+03  -0.42739484E-01   0.42689078E-03   0.72492613E-03   0.15324204E-04
   0.30019702E+03  -0.42310984E-01   0.89849577E-03   0.73199662E-03   0.65039344E-05
   0.30084399E+03  -0.41576286E-01   0.13728189E-02   0.73331550E-03  -0.24388743E-05
   0.30149097E+03  -0.40534841E-01   0.18461204E-02   0.72883601E-03  -0.11404185E-04
   0.30213795E+03  -0.39188523E-01   0.23146509E-02   0.71857486E-03  -0.20296292E-04
   0.30278492E+03  -0.37541624E-01   0.27746915E-02   0.70260856E-03  -0.29026460E-04
   0.30343190E+03  -0.35600823E-01   0.32225907E-02   0.68106814E-03  -0.37515227E-04
   0.30407887E+03  -0.33375129E-01   0.36547976E-02   0.65413253E-03  -0.45694238E-04
   0.30472585E+03  -0.30875811E-01   0.40678907E-02   0.62202094E-03  -0.53507443E-04
   0.30537283E+03  -0.28116300E-01   0.44586011E-02   0.58498475E-03  -0.60911535E-04
   0.30601980E+03  -0.25112089E-01   0.48238305E-02   0.54329929E-03  -0.67875518E-04
   0.30666678E+03  -0.21880616E-01   0.51606648E-02   0.49725633E-03  -0.74379380E-04
   0.30731376E+03  -0.18441145E-01   0.54663820E-02   0.44715759E-03  -0.80411868E-04
   0.30796073E+03  -0.14814634E-01   0.57384571E-02   0.39331003E-03  -0.85967521E-04
   0.30860771E+03  -0.11023611E-01   0.59745648E-02   0.33602321E-03  -0.91043115E-04
   0.30925469E+03  -0.70920458E-02   0.61725807E-02   0.27560908E-03  -0.95633844E-04
   0.30990166E+03  -0.30452146E-02   0.63305837E-02   0.21238423E-03  -0.99729546E-04
   0.31054864E+03   0.10904294E-02   0.64468599E-02   0.14667451E-03  -0.10331137E-03
   0.31119561E+03   0.52873934E-02   0.65199112E-02   0.78821427E-04  -0.10634925E-03
   0.31184259E+03   0.95172883E-02   0.65484673E-02   0.91900354E-05  -0.10880048E-03
   0.31248957E+03   0.13750982E-01   0.65315044E-02  -0.61822861E-04  -0.11060967E-03
   0.31313654E+03   0.17958764E-01   0.64682673E-02  -0.13378087E-03  -0.11171019E-03
   0.31378352E+03   0.22110533E-01   0.63582981E-02  -0.20620158E-03  -0.11202703E-03
   0.31443050E+03   0.26175992E-01   0.62014669E-02  -0.27855245E-03  -0.11148099E-03
   0.31507747E+03   0.30124878E-01   0.59980051E-02  -0.35024969E-03  -0.10999378E-03
   0.31572445E+03   0.33927202E-01   0.57485375E-02  -0.42066069E-03  -0.10749377E-03
   0.31637142E+03   0.37553515E-01   0.54541128E-02  -0.48911022E-03  -0.10392174E-03
   0.31701840E+03   0.40975190E-01   0.51162276E-02  -0.55489023E-03  -0.99236318E-04
   0.31766538E+03   0.44164718E-01   0.47368438E-02  -0.61727291E-03  -0.93418478E-04
   0.31831235E+03   0.47096014E-01   0.43183963E-02  -0.67552635E-03  -0.86474952E-04
   0.31895933E+03   0.49744718E-01   0.38637904E-02  -0.72893187E-03  -0.78440179E-04
   0.31960631E+03   0.52088499E-01   0.33763870E-02  -0.77680220E-03  -0.69376802E-04
   0.32025328E+03   0.54107344E-01   0.28599768E-02  -0.81849955E-03  -0.59374752E-04
   0.32090026E+03   0.55783818E-01   0.23187424E-02  -0.85345255E-03  -0.48549113E-04
   0.32154724E+03   0.57103308E-01   0.17572104E-02  -0.88117163E-03  -0.37036998E-04
   0.32219421E+03   0.58054224E-01   0.11801940E-02  -0.90126202E-03  -0.24993722E-04
   0.32284119E+03   0.58628168E-01   0.59272845E-03  -0.91343420E-03  -0.12588520E-04
   0.32348816E+03   0.58820051E-01  -0.80502011E-17  -0.91751140E-03   0.49551427E-18
