   0.00000000E+00   0.54682226E+00   0.42334138E-05   0.10155453E-05   0.86177329E+00
   0.47573454E-01   0.54682230E+00   0.45097276E-05   0.97371693E-06   0.86177332E+00
   0.95146908E-01   0.54682235E+00   0.47956543E-05   0.92835965E-06   0.86177336E+00
   0.14272036E+00   0.54682239E+00   0.50913668E-05   0.87933532E-06   0.86177339E+00
   0.19029382E+00   0.54682243E+00   0.53970353E-05   0.82650284E-06   0.86177343E+00
   0.23786727E+00   0.54682247E+00   0.57128269E-05   0.76971805E-06   0.86177347E+00
   0.28544073E+00   0.54682251E+00   0.60389053E-05   0.70883379E-06   0.86177351E+00
   0.33301418E+00   0.54682254E+00   0.63754303E-05   0.64369989E-06   0.86177355E+00
   0.38058763E+00   0.54682257E+00   0.67225575E-05   0.57416323E-06   0.86177360E+00
   0.42816109E+00   0.54682259E+00   0.70804378E-05   0.50006771E-06   0.86177365E+00
   0.47573454E+00   0.54682261E+00   0.74492170E-05   0.42125434E-06   0.86177370E+00
   0.52330800E+00   0.54682263E+00   0.78290352E-05   0.33756126E-06   0.86177375E+00
   0.57088145E+00   0.54682265E+00   0.82200267E-05   0.24882378E-06   0.86177381E+00
   0.61845491E+00   0.54682266E+00   0.86223188E-05   0.15487443E-06   0.86177387E+00
   0.66602836E+00   0.54682266E+00   0.90360319E-05   0.55543041E-07   0.86177393E+00
   0.71360181E+00   0.54682266E+00   0.94612789E-05  -0.49343234E-07   0.86177400E+00
   0.76117527E+00   0.54682266E+00   0.98981643E-05  -0.15995982E-06   0.86177407E+00
   0.80874872E+00   0.54682265E+00   0.10346784E-04  -0.27648467E-06   0.86177414E+00
   0.85632218E+00   0.54682263E+00   0.10807224E-04  -0.39909819E-06   0.86177422E+00
   0.90389563E+00   0.54682261E+00   0.11279561E-04  -0.52798317E-06   0.86177430E+00
   0.95146908E+00   0.54682258E+00   0.11763860E-04  -0.66332455E-06   0.86177438E+00
   0.99904254E+00   0.54682254E+00   0.12260176E-04  -0.80530943E-06   0.86177446E+00
   0.10466160E+01   0.54682250E+00   0.12768551E-04  -0.95412693E-06   0.86177455E+00
   0.10941894E+01   0.54682245E+00   0.13289015E-04  -0.11099680E-05   0.86177464E+00
   0.11417629E+01   0.54682240E+00   0.13821583E-04  -0.12730255E-05   0.86177474E+00
   0.11893364E+01   0.54682233E+00   0.14366257E-04  -0.14434937E-05   0.86177484E+00
   0.12369098E+01   0.54682226E+00   0.14923024E-04  -0.16215684E-05   0.86177495E+00
   0.12844833E+01   0.54682218E+00   0.15491855E-04  -0.18074468E-05   0.86177505E+00
   0.13320567E+01   0.54682209E+00   0.16072703E-04  -0.20013270E-05   0.86177517E+00
   0.13796302E+01   0.54682199E+00   0.16665505E-04  -0.22034084E-05   0.86177528E+00
   0.14272036E+01   0.54682188E+00   0.17270180E-04  -0.24138908E-05   0.86177540E+00
   0.14747771E+01   0.54682176E+00   0.17886625E-04  -0.26329747E-05   0.86177553E+00
   0.15223505E+01   0.54682163E+00   0.18514719E-04  -0.28608607E-05   0.86177566E+00
   0.15699240E+01   0.54682149E+00   0.19154319E-04  -0.30977496E-05   0.86177579E+00
   0.16174974E+01   0.54682133E+00   0.19805259E-04  -0.33438421E-05   0.86177593E+00
   0.16650709E+01   0.54682117E+00   0.20467352E-04  -0.35993383E-05   0.86177607E+00
   0.17126444E+01   0.54682099E+00   0.21140383E-04  -0.38644375E-05   0.86177622E+00
   0.17602178E+01   0.54682080E+00   0.21824115E-04  -0.41393381E-05   0.86177637E+00
   0.18077913E+01   0.54682060E+00   0.22518282E-04  -0.44242372E-05   0.86177653E+00
   0.18553647E+01   0.54682038E+00   0.23222592E-04  -0.47193302E-05   0.86177670E+00
   0.19029382E+01   0.54682015E+00   0.23936723E-04  -0.50248108E-05   0.86177686E+00
   0.19505116E+01   0.54681990E+00   0.24660324E-04  -0.53408702E-05   0.86177704E+00
   0.19980851E+01   0.54681964E+00   0.25393010E-04  -0.56676971E-05   0.86177721E+00
   0.20456585E+01   0.54681936E+00   0.26134367E-04  -0.60054768E-05   0.86177740E+00
   0.20932320E+01   0.54681907E+00   0.26883946E-04  -0.63543912E-05   0.86177759E+00
   0.21408054E+01   0.54681876E+00   0.27641262E-04  -0.67146184E-05   0.86177778E+00
   0.21883789E+01   0.54681843E+00   0.28405794E-04  -0.70863322E-05   0.86177798E+00
   0.22359523E+01   0.54681808E+00   0.29176983E-04  -0.74697014E-05   0.86177818E+00
   0.22835258E+01   0.54681772E+00   0.29954233E-04  -0.78648899E-05   0.86177839E+00
   0.23310993E+01   0.54681733E+00   0.30736904E-04  -0.82720556E-05   0.86177861E+00
   0.23786727E+01   0.54681693E+00   0.31524316E-04  -0.86913501E-05   0.86177883E+00
   0.24262462E+01   0.54681651E+00   0.32315745E-04  -0.91229183E-05   0.86177906E+00
   0.24738196E+01   0.54681606E+00   0.33110422E-04  -0.95668978E-05   0.86177929E+00
   0.25213931E+01   0.54681560E+00   0.33907531E-04  -0.10023418E-04   0.86177953E+00
   0.25689665E+01   0.54681511E+00   0.34706209E-04  -0.10492600E-04   0.86177977E+00
   0.26165400E+01   0.54681460E+00   0.35505542E-04  -0.10974556E-04   0.86178002E+00
   0.26641134E+01   0.54681406E+00   0.36304565E-04  -0.11469387E-04   0.86178028E+00
   0.27116869E+01   0.54681351E+00   0.37102262E-04  -0.11977186E-04   0.86178054E+00
   0.27592603E+01   0.54681292E+00   0.37897560E-04  -0.12498032E-04   0.86178081E+00
   0.28068338E+01   0.54681232E+00   0.38689333E-04  -0.13031995E-04   0.86178108E+00
   0.28544073E+01   0.54681168E+00   0.39476394E-04  -0.13579129E-04   0.86178136E+00
   0.29019807E+01   0.54681102E+00   0.40257497E-04  -0.14139477E-04   0.86178164E+00
   0.29495542E+01   0.54681034E+00   0.41031337E-04  -0.14713068E-04   0.86178193E+00
   0.29971276E+01   0.54680962E+00   0.41796541E-04  -0.15299915E-04   0.86178223E+00
   0.30447011E+01   0.54680888E+00   0.42551675E-04  -0.15900015E-04   0.86178253E+00
   0.30922745E+01   0.54680811E+00   0.43295237E-04  -0.16513348E-04   0.86178283E+00
   0.31398480E+01   0.54680731E+00   0.44025657E-04  -0.17139878E-04   0.86178314E+00
   0.31874214E+01   0.54680648E+00   0.44741296E-04  -0.17779549E-04   0.86178346E+00
   0.32349949E+01   0.54680562E+00   0.45440440E-04  -0.18432286E-04   0.86178378E+00
   0.32825683E+01   0.54680473E+00   0.46121305E-04  -0.19097993E-04   0.86178411E+00
   0.33301418E+01   0.54680380E+00   0.46782028E-04  -0.19776554E-04   0.86178444E+00
   0.33777153E+01   0.54680284E+00   0.47420669E-04  -0.20467827E-04   0.86178477E+00
   0.34252887E+01   0.54680185E+00   0.48035210E-04  -0.21171651E-04   0.86178511E+00
   0.34728622E+01   0.54680083E+00   0.48623550E-04  -0.21887836E-04   0.86178545E+00
   0.35204356E+01   0.54679977E+00   0.49183505E-04  -0.22616169E-04   0.86178580E+00
   0.35680091E+01   0.54679868E+00   0.49712805E-04  -0.23356409E-04   0.86178615E+00
   0.36155825E+01   0.54679755E+00   0.50209095E-04  -0.24108286E-04   0.86178651E+00
   0.36631560E+01   0.54679638E+00   0.50669930E-04  -0.24871502E-04   0.86178687E+00
   0.37107294E+01   0.54679518E+00   0.51092775E-04  -0.25645727E-04   0.86178723E+00
   0.37583029E+01   0.54679394E+00   0.51475003E-04  -0.26430600E-04   0.86178760E+00
   0.38058763E+01   0.54679267E+00   0.51813893E-04  -0.27225726E-04   0.86178796E+00
   0.38534498E+01   0.54679135E+00   0.52106626E-04  -0.28030677E-04   0.86178833E+00
   0.39010232E+01   0.54679000E+00   0.52350289E-04  -0.28844986E-04   0.86178871E+00
   0.39485967E+01   0.54678861E+00   0.52541866E-04  -0.29668152E-04   0.86178908E+00
   0.39961702E+01   0.54678718E+00   0.52678242E-04  -0.30499633E-04   0.86178945E+00
   0.40437436E+01   0.54678571E+00   0.52756197E-04  -0.31338847E-04   0.86178983E+00
   0.40913171E+01   0.54678419E+00   0.52772403E-04  -0.32185170E-04   0.86179020E+00
   0.41388905E+01   0.54678264E+00   0.52723429E-04  -0.33037934E-04   0.86179058E+00
   0.41864640E+01   0.54678105E+00   0.52605737E-04  -0.33896428E-04   0.86179095E+00
   0.42340374E+01   0.54677942E+00   0.52415679E-04  -0.34759892E-04   0.86179133E+00
   0.42816109E+01   0.54677774E+00   0.52149497E-04  -0.35627521E-04   0.86179170E+00
   0.43291843E+01   0.54677603E+00   0.51803320E-04  -0.36498458E-04   0.86179207E+00
   0.43767578E+01   0.54677427E+00   0.51373163E-04  -0.37371796E-04   0.86179244E+00
   0.44243312E+01   0.54677247E+00   0.50854927E-04  -0.38246572E-04   0.86179280E+00
   0.44719047E+01   0.54677063E+00   0.50244396E-04  -0.39121772E-04   0.86179316E+00
   0.45194782E+01   0.54676875E+00   0.49537238E-04  -0.39996323E-04   0.86179352E+00
   0.45670516E+01   0.54676683E+00   0.48728998E-04  -0.40869093E-04   0.86179387E+00
   0.46146251E+01   0.54676486E+00   0.47815107E-04  -0.41738891E-04   0.86179421E+00
   0.46621985E+01   0.54676285E+00   0.46790871E-04  -0.42604464E-04   0.86179455E+00
   0.47097720E+01   0.54676081E+00   0.45651478E-04  -0.43464492E-04   0.86179487E+00
   0.47573454E+01   0.54675872E+00   0.44391994E-04  -0.44317594E-04   0.86179519E+00
   0.48049189E+01   0.54675659E+00   0.43007362E-04  -0.45162318E-04   0.86179551E+00
   0.48524923E+01   0.54675442E+00   0.41492403E-04  -0.45997143E-04   0.86179581E+00
   0.49000658E+01   0.54675221E+00   0.39841819E-04  -0.46820477E-04   0.86179610E+00
   0.49476392E+01   0.54674997E+00   0.38050184E-04  -0.47630656E-04   0.86179637E+00
   0.49952127E+01   0.54674768E+00   0.36111955E-04  -0.48425937E-04   0.86179664E+00
   0.50427862E+01   0.54674536E+00   0.34021462E-04  -0.49204503E-04   0.86179689E+00
   0.50903596E+01   0.54674300E+00   0.31772913E-04  -0.49964455E-04   0.86179712E+00
   0.51379331E+01   0.54674061E+00   0.29360395E-04  -0.50703814E-04   0.86179734E+00
   0.51855065E+01   0.54673818E+00   0.26777869E-04  -0.51420514E-04   0.86179754E+00
   0.52330800E+01   0.54673571E+00   0.24019175E-04  -0.52112406E-04   0.86179772E+00
   0.52806534E+01   0.54673322E+00   0.21078030E-04  -0.52777249E-04   0.86179788E+00
   0.53282269E+01   0.54673069E+00   0.17948046E-04  -0.53412720E-04   0.86179802E+00
   0.53758003E+01   0.54672814E+00   0.14622711E-04  -0.54016399E-04   0.86179813E+00
   0.54233738E+01   0.54672555E+00   0.11095402E-04  -0.54585774E-04   0.86179823E+00
   0.54709472E+01   0.54672295E+00   0.73593772E-05  -0.55118237E-04   0.86179829E+00
   0.55185207E+01   0.54672031E+00   0.34077883E-05  -0.55611081E-04   0.86179833E+00
   0.55660941E+01   0.54671765E+00  -0.76632362E-06  -0.56061501E-04   0.86179834E+00
   0.56136676E+01   0.54671498E+00  -0.51700228E-05  -0.56466588E-04   0.86179832E+00
   0.56612411E+01   0.54671228E+00  -0.98104762E-05  -0.56823330E-04   0.86179827E+00
   0.57088145E+01   0.54670957E+00  -0.14694950E-04  -0.57128609E-04   0.86179818E+00
   0.57563880E+01   0.54670685E+00  -0.19830806E-04  -0.57379200E-04   0.86179806E+00
   0.58039614E+01   0.54670411E+00  -0.25225497E-04  -0.57571766E-04   0.86179790E+00
   0.58515349E+01   0.54670137E+00  -0.30886565E-04  -0.57702862E-04   0.86179770E+00
   0.58991083E+01   0.54669862E+00  -0.36821632E-04  -0.57768926E-04   0.86179746E+00
   0.59466818E+01   0.54669588E+00  -0.43038399E-04  -0.57766283E-04   0.86179717E+00
   0.59942552E+01   0.54669313E+00  -0.49544642E-04  -0.57691141E-04   0.86179684E+00
   0.60418287E+01   0.54669039E+00  -0.56348200E-04  -0.57539587E-04   0.86179647E+00
   0.60894021E+01   0.54668766E+00  -0.63456978E-04  -0.57307589E-04   0.86179604E+00
   0.61369756E+01   0.54668494E+00  -0.70878929E-04  -0.56990993E-04   0.86179556E+00
   0.61845491E+01   0.54668223E+00  -0.78622056E-04  -0.56585522E-04   0.86179503E+00
   0.62321225E+01   0.54667955E+00  -0.86694401E-04  -0.56086773E-04   0.86179444E+00
   0.62796960E+01   0.54667690E+00  -0.95104038E-04  -0.55490217E-04   0.86179380E+00
   0.63272694E+01   0.54667428E+00  -0.10385906E-03  -0.54791197E-04   0.86179309E+00
   0.63748429E+01   0.54667169E+00  -0.11296759E-03  -0.53984928E-04   0.86179232E+00
   0.64224163E+01   0.54666914E+00  -0.12243773E-03  -0.53066494E-04   0.86179148E+00
   0.64699898E+01   0.54666664E+00  -0.13227760E-03  -0.52030849E-04   0.86179057E+00
   0.65175632E+01   0.54666419E+00  -0.14249530E-03  -0.50872812E-04   0.86178960E+00
   0.65651367E+01   0.54666180E+00  -0.15309889E-03  -0.49587074E-04   0.86178855E+00
   0.66127101E+01   0.54665948E+00  -0.16409641E-03  -0.48168189E-04   0.86178742E+00
   0.66602836E+01   0.54665722E+00  -0.17549583E-03  -0.46610578E-04   0.86178621E+00
   0.67078570E+01   0.54665504E+00  -0.18730508E-03  -0.44908529E-04   0.86178492E+00
   0.67554305E+01   0.54665295E+00  -0.19953199E-03  -0.43056192E-04   0.86178354E+00
   0.68030040E+01   0.54665095E+00  -0.21218433E-03  -0.41047585E-04   0.86178208E+00
   0.68505774E+01   0.54664905E+00  -0.22526973E-03  -0.38876590E-04   0.86178052E+00
   0.68981509E+01   0.54664725E+00  -0.23879573E-03  -0.36536956E-04   0.86177887E+00
   0.69457243E+01   0.54664557E+00  -0.25276970E-03  -0.34022297E-04   0.86177712E+00
   0.69932978E+01   0.54664402E+00  -0.26719889E-03  -0.31326093E-04   0.86177528E+00
   0.70408712E+01   0.54664260E+00  -0.28209036E-03  -0.28441692E-04   0.86177332E+00
   0.70884447E+01   0.54664132E+00  -0.29745098E-03  -0.25362310E-04   0.86177126E+00
   0.71360181E+01   0.54664019E+00  -0.31328742E-03  -0.22081034E-04   0.86176909E+00
   0.71835916E+01   0.54663922E+00  -0.32960611E-03  -0.18590821E-04   0.86176680E+00
   0.72311650E+01   0.54663842E+00  -0.34641324E-03  -0.14884499E-04   0.86176440E+00
   0.72787385E+01   0.54663781E+00  -0.36371473E-03  -0.10954775E-04   0.86176187E+00
   0.73263120E+01   0.54663738E+00  -0.38151620E-03  -0.67942312E-05   0.86175922E+00
   0.73738854E+01   0.54663716E+00  -0.39982295E-03  -0.23953283E-05   0.86175644E+00
   0.74214589E+01   0.54663716E+00  -0.41863995E-03   0.22495893E-05   0.86175353E+00
   0.74690323E+01   0.54663738E+00  -0.43797180E-03   0.71482928E-05   0.86175048E+00
   0.75166058E+01   0.54663784E+00  -0.45782270E-03   0.12308663E-04   0.86174730E+00
   0.75641792E+01   0.54663856E+00  -0.47819644E-03   0.17738689E-04   0.86174397E+00
   0.76117527E+01   0.54663954E+00  -0.49909635E-03   0.23446463E-04   0.86174049E+00
   0.76593261E+01   0.54664079E+00  -0.52052531E-03   0.29440174E-04   0.86173687E+00
   0.77068996E+01   0.54664234E+00  -0.54248567E-03   0.35728106E-04   0.86173308E+00
   0.77544730E+01   0.54664420E+00  -0.56497925E-03   0.42318633E-04   0.86172915E+00
   0.78020465E+01   0.54664637E+00  -0.58800730E-03   0.49220210E-04   0.86172504E+00
   0.78496200E+01   0.54664888E+00  -0.61157047E-03   0.56441369E-04   0.86172078E+00
   0.78971934E+01   0.54665175E+00  -0.63566877E-03   0.63990714E-04   0.86171634E+00
   0.79447669E+01   0.54665498E+00  -0.66030155E-03   0.71876910E-04   0.86171173E+00
   0.79923403E+01   0.54665859E+00  -0.68546744E-03   0.80108678E-04   0.86170694E+00
   0.80399138E+01   0.54666261E+00  -0.71116434E-03   0.88694791E-04   0.86170198E+00
   0.80874872E+01   0.54666704E+00  -0.73738934E-03   0.97644056E-04   0.86169682E+00
   0.81350607E+01   0.54667190E+00  -0.76413873E-03   0.10696532E-03   0.86169148E+00
   0.81826341E+01   0.54667722E+00  -0.79140794E-03   0.11666743E-03   0.86168595E+00
   0.82302076E+01   0.54668301E+00  -0.81919147E-03   0.12675928E-03   0.86168022E+00
   0.82777810E+01   0.54668929E+00  -0.84748289E-03   0.13724974E-03   0.86167429E+00
   0.83253545E+01   0.54669607E+00  -0.87627477E-03   0.14814766E-03   0.86166816E+00
   0.83729279E+01   0.54670339E+00  -0.90555865E-03   0.15946190E-03   0.86166182E+00
   0.84205014E+01   0.54671125E+00  -0.93532498E-03   0.17120126E-03   0.86165527E+00
   0.84680749E+01   0.54671969E+00  -0.96556306E-03   0.18337451E-03   0.86164851E+00
   0.85156483E+01   0.54672871E+00  -0.99626104E-03   0.19599034E-03   0.86164153E+00
   0.85632218E+01   0.54673834E+00  -0.10274058E-02   0.20905738E-03   0.86163433E+00
   0.86107952E+01   0.54674861E+00  -0.10589830E-02   0.22258416E-03   0.86162691E+00
   0.86583687E+01   0.54675953E+00  -0.10909768E-02   0.23657913E-03   0.86161926E+00
   0.87059421E+01   0.54677112E+00  -0.11233703E-02   0.25105058E-03   0.86161138E+00
   0.87535156E+01   0.54678342E+00  -0.11561447E-02   0.26600668E-03   0.86160327E+00
   0.88010890E+01   0.54679644E+00  -0.11892802E-02   0.28145545E-03   0.86159492E+00
   0.88486625E+01   0.54681021E+00  -0.12227549E-02   0.29740472E-03   0.86158634E+00
   0.88962359E+01   0.54682475E+00  -0.12565458E-02   0.31386213E-03   0.86157752E+00
   0.89438094E+01   0.54684008E+00  -0.12906278E-02   0.33083511E-03   0.86156845E+00
   0.89913829E+01   0.54685623E+00  -0.13249744E-02   0.34833084E-03   0.86155915E+00
   0.90389563E+01   0.54687323E+00  -0.13595571E-02   0.36635625E-03   0.86154959E+00
   0.90865298E+01   0.54689110E+00  -0.13943455E-02   0.38491799E-03   0.86153979E+00
   0.91341032E+01   0.54690986E+00  -0.14293074E-02   0.40402240E-03   0.86152974E+00
   0.91816767E+01   0.54692955E+00  -0.14644086E-02   0.42367549E-03   0.86151945E+00
   0.92292501E+01   0.54695018E+00  -0.14996128E-02   0.44388290E-03   0.86150890E+00
   0.92768236E+01   0.54697179E+00  -0.15348814E-02   0.46464993E-03   0.86149810E+00
   0.93243970E+01   0.54699440E+00  -0.15701740E-02   0.48598141E-03   0.86148704E+00
   0.93719705E+01   0.54701804E+00  -0.16054475E-02   0.50788178E-03   0.86147574E+00
   0.94195439E+01   0.54704273E+00  -0.16406568E-02   0.53035498E-03   0.86146419E+00
   0.94671174E+01   0.54706851E+00  -0.16757541E-02   0.55340448E-03   0.86145238E+00
   0.95146908E+01   0.54709540E+00  -0.17106894E-02   0.57703318E-03   0.86144032E+00
   0.95622643E+01   0.54712342E+00  -0.17454100E-02   0.60124346E-03   0.86142802E+00
   0.96098378E+01   0.54715261E+00  -0.17798606E-02   0.62603706E-03   0.86141547E+00
   0.96574112E+01   0.54718300E+00  -0.18139831E-02   0.65141513E-03   0.86140267E+00
   0.97049847E+01   0.54721460E+00  -0.18477168E-02   0.67737811E-03   0.86138964E+00
   0.97525581E+01   0.54724746E+00  -0.18809979E-02   0.70392577E-03   0.86137636E+00
   0.98001316E+01   0.54728159E+00  -0.19137599E-02   0.73105710E-03   0.86136284E+00
   0.98477050E+01   0.54731703E+00  -0.19459333E-02   0.75877035E-03   0.86134910E+00
   0.98952785E+01   0.54735379E+00  -0.19774452E-02   0.78706291E-03   0.86133513E+00
   0.99428519E+01   0.54739192E+00  -0.20082200E-02   0.81593133E-03   0.86132093E+00
   0.99904254E+01   0.54743144E+00  -0.20381784E-02   0.84537123E-03   0.86130652E+00
   0.10037999E+02   0.54747236E+00  -0.20672381E-02   0.87537730E-03   0.86129189E+00
   0.10085572E+02   0.54751473E+00  -0.20953133E-02   0.90594321E-03   0.86127706E+00
   0.10133146E+02   0.54755857E+00  -0.21223147E-02   0.93706160E-03   0.86126203E+00
   0.10180719E+02   0.54760390E+00  -0.21481495E-02   0.96872403E-03   0.86124682E+00
   0.10228293E+02   0.54765075E+00  -0.21727211E-02   0.10009209E-02   0.86123142E+00
   0.10275866E+02   0.54769914E+00  -0.21959295E-02   0.10336414E-02   0.86121585E+00
   0.10323440E+02   0.54774911E+00  -0.22176706E-02   0.10668736E-02   0.86120012E+00
   0.10371013E+02   0.54780066E+00  -0.22378366E-02   0.11006040E-02   0.86118424E+00
   0.10418586E+02   0.54785383E+00  -0.22563158E-02   0.11348182E-02   0.86116822E+00
   0.10466160E+02   0.54790864E+00  -0.22729923E-02   0.11694999E-02   0.86115208E+00
   0.10513733E+02   0.54796511E+00  -0.22877463E-02   0.12046317E-02   0.86113582E+00
   0.10561307E+02   0.54802327E+00  -0.23004537E-02   0.12401945E-02   0.86111946E+00
   0.10608880E+02   0.54808312E+00  -0.23109863E-02   0.12761678E-02   0.86110301E+00
   0.10656454E+02   0.54814470E+00  -0.23192116E-02   0.13125292E-02   0.86108650E+00
   0.10704027E+02   0.54820801E+00  -0.23249924E-02   0.13492550E-02   0.86106993E+00
   0.10751601E+02   0.54827308E+00  -0.23281875E-02   0.13863193E-02   0.86105333E+00
   0.10799174E+02   0.54833992E+00  -0.23286510E-02   0.14236946E-02   0.86103672E+00
   0.10846748E+02   0.54840854E+00  -0.23262324E-02   0.14613517E-02   0.86102011E+00
   0.10894321E+02   0.54847897E+00  -0.23207766E-02   0.14992592E-02   0.86100353E+00
   0.10941894E+02   0.54855120E+00  -0.23121237E-02   0.15373836E-02   0.86098699E+00
   0.10989468E+02   0.54862525E+00  -0.23001093E-02   0.15756898E-02   0.86097053E+00
   0.11037041E+02   0.54870112E+00  -0.22845641E-02   0.16141399E-02   0.86095416E+00
   0.11084615E+02   0.54877883E+00  -0.22653137E-02   0.16526944E-02   0.86093792E+00
   0.11132188E+02   0.54885837E+00  -0.22421792E-02   0.16913111E-02   0.86092182E+00
   0.11179762E+02   0.54893975E+00  -0.22149764E-02   0.17299456E-02   0.86090591E+00
   0.11227335E+02   0.54902297E+00  -0.21835164E-02   0.17685510E-02   0.86089020E+00
   0.11274909E+02   0.54910802E+00  -0.21476052E-02   0.18070781E-02   0.86087472E+00
   0.11322482E+02   0.54919491E+00  -0.21070435E-02   0.18454750E-02   0.86085952E+00
   0.11370056E+02   0.54928361E+00  -0.20616272E-02   0.18836869E-02   0.86084462E+00
   0.11417629E+02   0.54937413E+00  -0.20111471E-02   0.19216568E-02   0.86083007E+00
   0.11465202E+02   0.54946645E+00  -0.19553886E-02   0.19593245E-02   0.86081589E+00
   0.11512776E+02   0.54956055E+00  -0.18941322E-02   0.19966271E-02   0.86080213E+00
   0.11560349E+02   0.54965641E+00  -0.18271532E-02   0.20334986E-02   0.86078882E+00
   0.11607923E+02   0.54975402E+00  -0.17542216E-02   0.20698702E-02   0.86077601E+00
   0.11655496E+02   0.54985335E+00  -0.16751025E-02   0.21056698E-02   0.86076374E+00
   0.11703070E+02   0.54995436E+00  -0.15895555E-02   0.21408222E-02   0.86075206E+00
   0.11750643E+02   0.55005703E+00  -0.14973354E-02   0.21752491E-02   0.86074102E+00
   0.11798217E+02   0.55016131E+00  -0.13981916E-02   0.22088685E-02   0.86073065E+00
   0.11845790E+02   0.55026718E+00  -0.12918686E-02   0.22415954E-02   0.86072102E+00
   0.11893364E+02   0.55037458E+00  -0.11781058E-02   0.22733409E-02   0.86071218E+00
   0.11940937E+02   0.55048346E+00  -0.10566375E-02   0.23040129E-02   0.86070417E+00
   0.11988510E+02   0.55059378E+00  -0.92719306E-03   0.23335154E-02   0.86069706E+00
   0.12036084E+02   0.55070547E+00  -0.78949693E-03   0.23617488E-02   0.86069091E+00
   0.12083657E+02   0.55081847E+00  -0.64326871E-03   0.23886097E-02   0.86068577E+00
   0.12131231E+02   0.55093272E+00  -0.48822320E-03   0.24139907E-02   0.86068171E+00
   0.12178804E+02   0.55104813E+00  -0.32407049E-03   0.24377807E-02   0.86067880E+00
   0.12226378E+02   0.55116464E+00  -0.15051607E-03   0.24598642E-02   0.86067709E+00
   0.12273951E+02   0.55128215E+00   0.32739094E-04   0.24801219E-02   0.86067666E+00
   0.12321525E+02   0.55140058E+00   0.22599846E-03   0.24984302E-02   0.86067759E+00
   0.12369098E+02   0.55151983E+00   0.42956977E-03   0.25146612E-02   0.86067993E+00
   0.12416672E+02   0.55163981E+00   0.64376493E-03   0.25286828E-02   0.86068377E+00
   0.12464245E+02   0.55176039E+00   0.86889988E-03   0.25403583E-02   0.86068919E+00
   0.12511818E+02   0.55188148E+00   0.11052944E-02   0.25495468E-02   0.86069627E+00
   0.12559392E+02   0.55200293E+00   0.13532721E-02   0.25561027E-02   0.86070509E+00
   0.12606965E+02   0.55212464E+00   0.16131600E-02   0.25598756E-02   0.86071573E+00
   0.12654539E+02   0.55224645E+00   0.18852886E-02   0.25607109E-02   0.86072828E+00
   0.12702112E+02   0.55236823E+00   0.21699915E-02   0.25584487E-02   0.86074283E+00
   0.12749686E+02   0.55248983E+00   0.24676052E-02   0.25529248E-02   0.86075948E+00
   0.12797259E+02   0.55261108E+00   0.27784692E-02   0.25439698E-02   0.86077832E+00
   0.12844833E+02   0.55273182E+00   0.31029253E-02   0.25314094E-02   0.86079944E+00
   0.12892406E+02   0.55285188E+00   0.34413175E-02   0.25150645E-02   0.86082295E+00
   0.12939980E+02   0.55297106E+00   0.37939920E-02   0.24947509E-02   0.86084894E+00
   0.12987553E+02   0.55308918E+00   0.41612968E-02   0.24702791E-02   0.86087753E+00
   0.13035126E+02   0.55320603E+00   0.45435810E-02   0.24414548E-02   0.86090882E+00
   0.13082700E+02   0.55332140E+00   0.49411951E-02   0.24080781E-02   0.86094292E+00
   0.13130273E+02   0.55343508E+00   0.53544905E-02   0.23699442E-02   0.86097995E+00
   0.13177847E+02   0.55354682E+00   0.57838189E-02   0.23268430E-02   0.86102001E+00
   0.13225420E+02   0.55365638E+00   0.62295323E-02   0.22785588E-02   0.86106322E+00
   0.13272994E+02   0.55376353E+00   0.66919823E-02   0.22248708E-02   0.86110971E+00
   0.13320567E+02   0.55386799E+00   0.71715201E-02   0.21655527E-02   0.86115960E+00
   0.13368141E+02   0.55396948E+00   0.76684960E-02   0.21003728E-02   0.86121301E+00
   0.13415714E+02   0.55406773E+00   0.81832585E-02   0.20290941E-02   0.86127008E+00
   0.13463288E+02   0.55416244E+00   0.87161546E-02   0.19514739E-02   0.86133092E+00
   0.13510861E+02   0.55425330E+00   0.92675288E-02   0.18672641E-02   0.86139568E+00
   0.13558434E+02   0.55434000E+00   0.98377232E-02   0.17762111E-02   0.86146448E+00
   0.13606008E+02   0.55442219E+00   0.10427076E-01   0.16780558E-02   0.86153747E+00
   0.13653581E+02   0.55449954E+00   0.11035923E-01   0.15725336E-02   0.86161479E+00
   0.13701155E+02   0.55457169E+00   0.11664593E-01   0.14593743E-02   0.86169657E+00
   0.13748728E+02   0.55463827E+00   0.12313414E-01   0.13383022E-02   0.86178297E+00
   0.13796302E+02   0.55469890E+00   0.12982704E-01   0.12090362E-02   0.86187412E+00
   0.13843875E+02   0.55475317E+00   0.13672780E-01   0.10712896E-02   0.86197018E+00
   0.13891449E+02   0.55480069E+00   0.14383947E-01   0.92477018E-03   0.86207129E+00
   0.13939022E+02   0.55484102E+00   0.15116507E-01   0.76918035E-03   0.86217762E+00
   0.13986596E+02   0.55487373E+00   0.15870753E-01   0.60421705E-03   0.86228931E+00
   0.14034169E+02   0.55489836E+00   0.16646968E-01   0.42957182E-03   0.86240652E+00
   0.14081742E+02   0.55491444E+00   0.17445427E-01   0.24493085E-03   0.86252941E+00
   0.14129316E+02   0.55492150E+00   0.18266395E-01   0.49975015E-04   0.86265813E+00
   0.14176889E+02   0.55491903E+00   0.19110126E-01  -0.15562006E-03   0.86279286E+00
   0.14224463E+02   0.55490652E+00   0.19976861E-01  -0.37218394E-03   0.86293374E+00
   0.14272036E+02   0.55488343E+00   0.20866832E-01  -0.60005135E-03   0.86308095E+00
   0.14319610E+02   0.55484924E+00   0.21780254E-01  -0.83956203E-03   0.86323465E+00
   0.14367183E+02   0.55480336E+00   0.22717329E-01  -0.10910607E-02   0.86339500E+00
   0.14414757E+02   0.55474523E+00   0.23678246E-01  -0.13548971E-02   0.86356218E+00
   0.14462330E+02   0.55467425E+00   0.24663176E-01  -0.16314255E-02   0.86373634E+00
   0.14509904E+02   0.55458980E+00   0.25672273E-01  -0.19210051E-02   0.86391767E+00
   0.14557477E+02   0.55449126E+00   0.26705672E-01  -0.22239996E-02   0.86410631E+00
   0.14605050E+02   0.55437797E+00   0.27763493E-01  -0.25407770E-02   0.86430245E+00
   0.14652624E+02   0.55424929E+00   0.28845831E-01  -0.28717098E-02   0.86450625E+00
   0.14700197E+02   0.55410451E+00   0.29952763E-01  -0.32171746E-02   0.86471787E+00
   0.14747771E+02   0.55394294E+00   0.31084341E-01  -0.35775520E-02   0.86493749E+00
   0.14795344E+02   0.55376387E+00   0.32240595E-01  -0.39532265E-02   0.86516528E+00
   0.14842918E+02   0.55356656E+00   0.33421530E-01  -0.43445863E-02   0.86540138E+00
   0.14890491E+02   0.55335024E+00   0.34627123E-01  -0.47520229E-02   0.86564598E+00
   0.14938065E+02   0.55311416E+00   0.35857326E-01  -0.51759314E-02   0.86589923E+00
   0.14985638E+02   0.55285750E+00   0.37112058E-01  -0.56167096E-02   0.86616129E+00
   0.15033212E+02   0.55257947E+00   0.38391212E-01  -0.60747585E-02   0.86643233E+00
   0.15080785E+02   0.55227923E+00   0.39694644E-01  -0.65504815E-02   0.86671248E+00
   0.15128358E+02   0.55195593E+00   0.41022179E-01  -0.70442844E-02   0.86700192E+00
   0.15175932E+02   0.55160869E+00   0.42373607E-01  -0.75565750E-02   0.86730079E+00
   0.15223505E+02   0.55123664E+00   0.43748678E-01  -0.80877630E-02   0.86760922E+00
   0.15271079E+02   0.55083886E+00   0.45147104E-01  -0.86382594E-02   0.86792738E+00
   0.15318652E+02   0.55041443E+00   0.46568557E-01  -0.92084763E-02   0.86825539E+00
   0.15366226E+02   0.54996238E+00   0.48012665E-01  -0.97988269E-02   0.86859338E+00
   0.15413799E+02   0.54948177E+00   0.49479009E-01  -0.10409724E-01   0.86894149E+00
   0.15461373E+02   0.54897160E+00   0.50967126E-01  -0.11041582E-01   0.86929983E+00
   0.15508946E+02   0.54843086E+00   0.52476500E-01  -0.11694813E-01   0.86966853E+00
   0.15556520E+02   0.54785853E+00   0.54006564E-01  -0.12369829E-01   0.87004769E+00
   0.15604093E+02   0.54725356E+00   0.55556696E-01  -0.13067041E-01   0.87043741E+00
   0.15651666E+02   0.54661488E+00   0.57126217E-01  -0.13786858E-01   0.87083779E+00
   0.15699240E+02   0.54594142E+00   0.58714387E-01  -0.14529685E-01   0.87124891E+00
   0.15746813E+02   0.54523206E+00   0.60320403E-01  -0.15295927E-01   0.87167085E+00
   0.15794387E+02   0.54448568E+00   0.61943395E-01  -0.16085982E-01   0.87210369E+00
   0.15841960E+02   0.54370114E+00   0.63582424E-01  -0.16900247E-01   0.87254748E+00
   0.15889534E+02   0.54287728E+00   0.65236477E-01  -0.17739110E-01   0.87300226E+00
   0.15937107E+02   0.54201292E+00   0.66904465E-01  -0.18602957E-01   0.87346807E+00
   0.15984681E+02   0.54110687E+00   0.68585217E-01  -0.19492165E-01   0.87394495E+00
   0.16032254E+02   0.54015789E+00   0.70277480E-01  -0.20407104E-01   0.87443289E+00
   0.16079828E+02   0.53916478E+00   0.71979907E-01  -0.21348136E-01   0.87493191E+00
   0.16127401E+02   0.53812627E+00   0.73691062E-01  -0.22315614E-01   0.87544199E+00
   0.16174974E+02   0.53704109E+00   0.75409408E-01  -0.23309878E-01   0.87596309E+00
   0.16222548E+02   0.53590797E+00   0.77133304E-01  -0.24331259E-01   0.87649517E+00
   0.16270121E+02   0.53472561E+00   0.78861001E-01  -0.25380073E-01   0.87703818E+00
   0.16317695E+02   0.53349270E+00   0.80590635E-01  -0.26456622E-01   0.87759202E+00
   0.16365268E+02   0.53220790E+00   0.82320219E-01  -0.27561194E-01   0.87815662E+00
   0.16412842E+02   0.53086989E+00   0.84047640E-01  -0.28694056E-01   0.87873185E+00
   0.16460415E+02   0.52947730E+00   0.85770651E-01  -0.29855459E-01   0.87931757E+00
   0.16507989E+02   0.52802878E+00   0.87486860E-01  -0.31045632E-01   0.87991364E+00
   0.16555562E+02   0.52652294E+00   0.89193729E-01  -0.32264780E-01   0.88051988E+00
   0.16603136E+02   0.52495842E+00   0.90888557E-01  -0.33513084E-01   0.88113608E+00
   0.16650709E+02   0.52333381E+00   0.92568480E-01  -0.34790696E-01   0.88176203E+00
   0.16698282E+02   0.52164773E+00   0.94230453E-01  -0.36097739E-01   0.88239747E+00
   0.16745856E+02   0.51989876E+00   0.95871247E-01  -0.37434302E-01   0.88304214E+00
   0.16793429E+02   0.51808550E+00   0.97487432E-01  -0.38800440E-01   0.88369573E+00
   0.16841003E+02   0.51620655E+00   0.99075369E-01  -0.40196165E-01   0.88435791E+00
   0.16888576E+02   0.51426049E+00   0.10063119E+00  -0.41621450E-01   0.88502834E+00
   0.16936150E+02   0.51224593E+00   0.10215081E+00  -0.43076218E-01   0.88570662E+00
   0.16983723E+02   0.51016145E+00   0.10362987E+00  -0.44560341E-01   0.88639234E+00
   0.17031297E+02   0.50800568E+00   0.10506375E+00  -0.46073637E-01   0.88708505E+00
   0.17078870E+02   0.50577723E+00   0.10644756E+00  -0.47615862E-01   0.88778425E+00
   0.17126444E+02   0.50347473E+00   0.10777609E+00  -0.49186702E-01   0.88848944E+00
   0.17174017E+02   0.50109682E+00   0.10904382E+00  -0.50785773E-01   0.88920006E+00
   0.17221590E+02   0.49864218E+00   0.11024489E+00  -0.52412611E-01   0.88991552E+00
   0.17269164E+02   0.49610949E+00   0.11137307E+00  -0.54066661E-01   0.89063518E+00
   0.17316737E+02   0.49349748E+00   0.11242173E+00  -0.55747276E-01   0.89135838E+00
   0.17364311E+02   0.49080490E+00   0.11338385E+00  -0.57453700E-01   0.89208439E+00
   0.17411884E+02   0.48803054E+00   0.11425196E+00  -0.59185063E-01   0.89281248E+00
   0.17459458E+02   0.48517325E+00   0.11501809E+00  -0.60940369E-01   0.89354182E+00
   0.17507031E+02   0.48223189E+00   0.11567380E+00  -0.62718482E-01   0.89427159E+00
   0.17554605E+02   0.47920544E+00   0.11621008E+00  -0.64518113E-01   0.89500087E+00
   0.17602178E+02   0.47609288E+00   0.11661736E+00  -0.66337803E-01   0.89572874E+00
   0.17649752E+02   0.47289331E+00   0.11688544E+00  -0.68175912E-01   0.89645420E+00
   0.17697325E+02   0.46960589E+00   0.11700343E+00  -0.70030592E-01   0.89717621E+00
   0.17744898E+02   0.46622988E+00   0.11695976E+00  -0.71899772E-01   0.89789366E+00
   0.17792472E+02   0.46276465E+00   0.11674207E+00  -0.73781134E-01   0.89860540E+00
   0.17840045E+02   0.45920968E+00   0.11633719E+00  -0.75672084E-01   0.89931022E+00
   0.17887619E+02   0.45556458E+00   0.11573104E+00  -0.77569727E-01   0.90000686E+00
   0.17935192E+02   0.45182911E+00   0.11490860E+00  -0.79470834E-01   0.90069398E+00
   0.17982766E+02   0.44800318E+00   0.11385384E+00  -0.81371805E-01   0.90137020E+00
   0.18030339E+02   0.44408690E+00   0.11254961E+00  -0.83268630E-01   0.90203407E+00
   0.18077913E+02   0.44008056E+00   0.11097758E+00  -0.85156847E-01   0.90268406E+00
   0.18125486E+02   0.43598470E+00   0.10911815E+00  -0.87031489E-01   0.90331860E+00
   0.18173060E+02   0.43180009E+00   0.10695036E+00  -0.88887031E-01   0.90393602E+00
   0.18220633E+02   0.42752778E+00   0.10445178E+00  -0.90717330E-01   0.90453461E+00
   0.18268206E+02   0.42316912E+00   0.10159838E+00  -0.92515553E-01   0.90511258E+00
   0.18315780E+02   0.41872584E+00   0.98364461E-01  -0.94274105E-01   0.90566806E+00
   0.18363353E+02   0.41420000E+00   0.94722510E-01  -0.95984542E-01   0.90619911E+00
   0.18410927E+02   0.40959411E+00   0.90643066E-01  -0.97637477E-01   0.90670370E+00
   0.18458500E+02   0.40491117E+00   0.86094594E-01  -0.99222477E-01   0.90717975E+00
   0.18506074E+02   0.40015466E+00   0.81043355E-01  -0.10072795E+00   0.90762508E+00
   0.18553647E+02   0.39532868E+00   0.75453258E-01  -0.10214101E+00   0.90803743E+00
   0.18601221E+02   0.39043795E+00   0.69285728E-01  -0.10344734E+00   0.90841447E+00
   0.18648794E+02   0.38548793E+00   0.62499568E-01  -0.10463106E+00   0.90875377E+00
   0.18696368E+02   0.38048485E+00   0.55050838E-01  -0.10567453E+00   0.90905281E+00
   0.18743941E+02   0.37543586E+00   0.46892737E-01  -0.10655819E+00   0.90930901E+00
   0.18791514E+02   0.37034905E+00   0.37975514E-01  -0.10726037E+00   0.90951968E+00
   0.18839088E+02   0.36523362E+00   0.28246414E-01  -0.10775708E+00   0.90968204E+00
   0.18886661E+02   0.36009997E+00   0.17649660E-01  -0.10802183E+00   0.90979323E+00
   0.18934235E+02   0.35495982E+00   0.61264987E-02  -0.10802539E+00   0.90985028E+00
   0.18981808E+02   0.34982634E+00  -0.63846735E-02  -0.10773562E+00   0.90985014E+00
   0.19029382E+02   0.34471432E+00  -0.19948084E-01  -0.10711726E+00   0.90978966E+00
   0.19076955E+02   0.33964028E+00  -0.34630225E-01  -0.10613179E+00   0.90966561E+00
   0.19124529E+02   0.33462269E+00  -0.50499337E-01  -0.10473731E+00   0.90947463E+00
   0.19172102E+02   0.32968206E+00  -0.67624684E-01  -0.10288853E+00   0.90921329E+00
   0.19219676E+02   0.32484114E+00  -0.86075596E-01  -0.10053680E+00   0.90887806E+00
   0.19267249E+02   0.32012508E+00  -0.10592022E+00  -0.97630337E-01   0.90846531E+00
   0.19314822E+02   0.31556157E+00  -0.12722393E+00  -0.94114570E-01   0.90797129E+00
   0.19362396E+02   0.31118094E+00  -0.15004743E+00  -0.89932764E-01   0.90739218E+00
   0.19409969E+02   0.30701623E+00  -0.17444434E+00  -0.85026875E-01   0.90672405E+00
   0.19457543E+02   0.30310330E+00  -0.20045851E+00  -0.79338730E-01   0.90596287E+00
   0.19505116E+02   0.29948070E+00  -0.22812086E+00  -0.72811566E-01   0.90510451E+00
   0.19552690E+02   0.29618966E+00  -0.25744590E+00  -0.65391939E-01   0.90414475E+00
   0.19600263E+02   0.29327378E+00  -0.28842808E+00  -0.57031993E-01   0.90307928E+00
   0.19647837E+02   0.29077879E+00  -0.32103802E+00  -0.47692041E-01   0.90190368E+00
   0.19695410E+02   0.28875203E+00  -0.35521904E+00  -0.37343345E-01   0.90061345E+00
   0.19742984E+02   0.28724192E+00  -0.39088410E+00  -0.25970938E-01   0.89920398E+00
   0.19790557E+02   0.28629720E+00  -0.42791369E+00  -0.13576237E-01   0.89767060E+00
   0.19838130E+02   0.28596609E+00  -0.46615489E+00  -0.17919415E-03   0.89600854E+00
   0.19885704E+02   0.28629542E+00  -0.50542205E+00   0.14180331E-01   0.89421294E+00
   0.19933277E+02   0.28732963E+00  -0.54549921E+00   0.29442237E-01   0.89227887E+00
   0.19980851E+02   0.28910982E+00  -0.58614449E+00   0.45527091E-01   0.89020134E+00
   0.20028424E+02   0.29167292E+00  -0.62709620E+00   0.62338350E-01   0.88797526E+00
   0.20075998E+02   0.29505090E+00  -0.66808041E+00   0.79765803E-01   0.88559551E+00
   0.20123571E+02   0.29927027E+00  -0.70881949E+00   0.97689994E-01   0.88305689E+00
   0.20171145E+02   0.30435171E+00  -0.74904091E+00   0.11598723E+00   0.88035416E+00
   0.20218718E+02   0.31031006E+00  -0.78848559E+00   0.13453471E+00   0.87748203E+00
   0.20266292E+02   0.31715438E+00  -0.82691533E+00   0.15321533E+00   0.87443518E+00
   0.20313865E+02   0.32488842E+00  -0.86411858E+00   0.17192171E+00   0.87120827E+00
   0.20361438E+02   0.33351110E+00  -0.89991450E+00   0.19055928E+00   0.86779595E+00
   0.20409012E+02   0.34301718E+00  -0.93415506E+00   0.20904820E+00   0.86419285E+00
   0.20456585E+02   0.35339801E+00  -0.96672541E+00   0.22732416E+00   0.86039362E+00
   0.20504159E+02   0.36464221E+00  -0.99754271E+00   0.24533823E+00   0.85639293E+00
   0.20551732E+02   0.37673648E+00  -0.10265538E+01   0.26305598E+00   0.85218550E+00
   0.20599306E+02   0.38966613E+00  -0.10537321E+01   0.28045595E+00   0.84776609E+00
   0.20646879E+02   0.40341579E+00  -0.10790738E+01   0.29752791E+00   0.84312953E+00
   0.20694453E+02   0.41796977E+00  -0.11025947E+01   0.31427096E+00   0.83827075E+00
   0.20742026E+02   0.43331258E+00  -0.11243257E+01   0.33069157E+00   0.83318478E+00
   0.20789600E+02   0.44942913E+00  -0.11443102E+01   0.34680190E+00   0.82786680E+00
   0.20837173E+02   0.46630504E+00  -0.11626003E+01   0.36261812E+00   0.82231214E+00
   0.20884746E+02   0.48392676E+00  -0.11792546E+01   0.37815911E+00   0.81651629E+00
   0.20932320E+02   0.50228167E+00  -0.11943358E+01   0.39344527E+00   0.81047498E+00
   0.20979893E+02   0.52135815E+00  -0.12079086E+01   0.40849759E+00   0.80418417E+00
   0.21027467E+02   0.54114558E+00  -0.12200385E+01   0.42333691E+00   0.79764007E+00
   0.21075040E+02   0.56163429E+00  -0.12307901E+01   0.43798329E+00   0.79083922E+00
   0.21122614E+02   0.58281557E+00  -0.12402268E+01   0.45245559E+00   0.78377849E+00
   0.21170187E+02   0.60468156E+00  -0.12484094E+01   0.46677114E+00   0.77645511E+00
   0.21217761E+02   0.62722516E+00  -0.12553962E+01   0.48094543E+00   0.76886674E+00
   0.21265334E+02   0.65044000E+00  -0.12612421E+01   0.49499197E+00   0.76101150E+00
   0.21312908E+02   0.67432028E+00  -0.12659987E+01   0.50892211E+00   0.75288801E+00
   0.21360481E+02   0.69886067E+00  -0.12697141E+01   0.52274499E+00   0.74449541E+00
   0.21408054E+02   0.72405625E+00  -0.12724326E+01   0.53646739E+00   0.73583347E+00
   0.21455628E+02   0.74990236E+00  -0.12741949E+01   0.55009372E+00   0.72690259E+00
   0.21503201E+02   0.77639448E+00  -0.12750381E+01   0.56362591E+00   0.71770387E+00
   0.21550775E+02   0.80352812E+00  -0.12749955E+01   0.57706338E+00   0.70823914E+00
   0.21598348E+02   0.83129872E+00  -0.12740970E+01   0.59040296E+00   0.69851107E+00
   0.21645922E+02   0.85970150E+00  -0.12723687E+01   0.60363882E+00   0.68852316E+00
   0.21693495E+02   0.88873131E+00  -0.12698334E+01   0.61676236E+00   0.67827985E+00
   0.21741069E+02   0.91838257E+00  -0.12665104E+01   0.62976212E+00   0.66778655E+00
   0.21788642E+02   0.94864904E+00  -0.12624155E+01   0.64262366E+00   0.65704970E+00
   0.21836215E+02   0.97952375E+00  -0.12575610E+01   0.65532942E+00   0.64607684E+00
   0.21883789E+02   0.10109988E+01  -0.12519560E+01   0.66785853E+00   0.63487665E+00
   0.21931362E+02   0.10430652E+01  -0.12456061E+01   0.68018667E+00   0.62345903E+00
   0.21978936E+02   0.10757128E+01  -0.12385133E+01   0.69228579E+00   0.61183514E+00
   0.22026509E+02   0.11089300E+01  -0.12306763E+01   0.70412392E+00   0.60001743E+00
   0.22074083E+02   0.11427033E+01  -0.12220899E+01   0.71566484E+00   0.58801972E+00
   0.22121656E+02   0.11770179E+01  -0.12127454E+01   0.72686783E+00   0.57585726E+00
   0.22169230E+02   0.12118565E+01  -0.12026302E+01   0.73768723E+00   0.56354668E+00
   0.22216803E+02   0.12471997E+01  -0.11917276E+01   0.74807209E+00   0.55110614E+00
   0.22264377E+02   0.12830254E+01  -0.11800167E+01   0.75796570E+00   0.53855526E+00
   0.22311950E+02   0.13193090E+01  -0.11674721E+01   0.76730508E+00   0.52591516E+00
   0.22359523E+02   0.13560223E+01  -0.11540638E+01   0.77602036E+00   0.51320850E+00
   0.22407097E+02   0.13931338E+01  -0.11397567E+01   0.78403422E+00   0.50045943E+00
   0.22454670E+02   0.14306082E+01  -0.11245103E+01   0.79126108E+00   0.48769360E+00
   0.22502244E+02   0.14684059E+01  -0.11082784E+01   0.79760631E+00   0.47493810E+00
   0.22549817E+02   0.15064824E+01  -0.10910089E+01   0.80296537E+00   0.46222146E+00
   0.22597391E+02   0.15447881E+01  -0.10726431E+01   0.80722276E+00   0.44957353E+00
   0.22644964E+02   0.15832676E+01  -0.10531153E+01   0.81025099E+00   0.43702546E+00
   0.22692538E+02   0.16218592E+01  -0.10323527E+01   0.81190937E+00   0.42460956E+00
   0.22740111E+02   0.16604941E+01  -0.10102746E+01   0.81204280E+00   0.41235923E+00
   0.22787685E+02   0.16990957E+01  -0.98679239E+00   0.81048050E+00   0.40030879E+00
   0.22835258E+02   0.17375790E+01  -0.96180931E+00   0.80703477E+00   0.38849338E+00
   0.22882831E+02   0.17758495E+01  -0.93522019E+00   0.80149985E+00   0.37694873E+00
   0.22930405E+02   0.18138025E+01  -0.90691177E+00   0.79365102E+00   0.36571105E+00
   0.22977978E+02   0.18513223E+01  -0.87676315E+00   0.78324413E+00   0.35481679E+00
   0.23025552E+02   0.18882810E+01  -0.84464680E+00   0.77001578E+00   0.34430242E+00
   0.23073125E+02   0.19245378E+01  -0.81043008E+00   0.75368453E+00   0.33420425E+00
   0.23120699E+02   0.19599379E+01  -0.77397771E+00   0.73395360E+00   0.32455812E+00
   0.23168272E+02   0.19943124E+01  -0.73515513E+00   0.71051562E+00   0.31539923E+00
   0.23215846E+02   0.20274775E+01  -0.69383318E+00   0.68306001E+00   0.30676183E+00
   0.23263419E+02   0.20592349E+01  -0.64989428E+00   0.65128384E+00   0.29867897E+00
   0.23310993E+02   0.20893722E+01  -0.60324011E+00   0.61490683E+00   0.29118225E+00
   0.23358566E+02   0.21176646E+01  -0.55380111E+00   0.57369088E+00   0.28430157E+00
   0.23406139E+02   0.21438776E+01  -0.50154728E+00   0.52746432E+00   0.27806487E+00
   0.23453713E+02   0.21677705E+01  -0.44650017E+00   0.47615015E+00   0.27249788E+00
   0.23501286E+02   0.21891018E+01  -0.38874479E+00   0.41979646E+00   0.26762390E+00
   0.23548860E+02   0.22076360E+01  -0.32844050E+00   0.35860594E+00   0.26346357E+00
   0.23596433E+02   0.22231513E+01  -0.26582883E+00   0.29296006E+00   0.26003474E+00
   0.23644007E+02   0.22354486E+01  -0.20123662E+00   0.22343266E+00   0.25735222E+00
   0.23691580E+02   0.22443607E+01  -0.13507256E+00   0.15078763E+00   0.25542769E+00
   0.23739154E+02   0.22497609E+01  -0.67816316E-01   0.75957173E-01   0.25426958E+00
   0.23786727E+02   0.22515699E+01   0.44285380E-09  -0.45486557E-09   0.25388298E+00
